1801.000 0.362
1802.000 0.371
1803.000 0.375
1804.000 0.372
1805.000 0.376
1806.000 0.382
1807.000 0.386
1808.000 0.413
1809.000 0.388
1810.000 0.386
1811.000 0.381
1812.000 0.398
1813.000 0.392
1814.000 0.404
1815.000 0.397
1816.000 0.396
1817.000 0.395
1818.000 0.396
1819.000 0.406
1820.000 0.416
1821.000 0.408
1822.000 0.416
1823.000 0.414
1824.000 0.417
1825.000 0.429
1826.000 0.427
1827.000 0.425
1828.000 0.423
1829.000 0.430
1830.000 0.438
1831.000 0.437
1832.000 0.434
1833.000 0.447
1834.000 0.428
1835.000 0.447
1836.000 0.444
1837.000 0.434
1838.000 0.447
1839.000 0.456
1840.000 0.451
1841.000 0.452
1842.000 0.450
1843.000 0.462
1844.000 0.458
1845.000 0.468
1846.000 0.474
1847.000 0.461
1848.000 0.463
1849.000 0.478
1850.000 0.475
1851.000 0.485
1852.000 0.480
1853.000 0.480
1854.000 0.492
1855.000 0.487
1856.000 0.485
1857.000 0.491
1858.000 0.503
1859.000 0.498
1860.000 0.498
1861.000 0.520
1862.000 0.490
1863.000 0.504
1864.000 0.511
1865.000 0.498
1866.000 0.519
1867.000 0.509
1868.000 0.506
1869.000 0.503
1870.000 0.525
1871.000 0.525
1872.000 0.522
1873.000 0.539
1874.000 0.535
1875.000 0.515
1876.000 0.554
1877.000 0.540
1878.000 0.534
1879.000 0.541
1880.000 0.534
1881.000 0.535
1882.000 0.542
1883.000 0.537
1884.000 0.551
1885.000 0.545
1886.000 0.548
1887.000 0.541
1888.000 0.548
1889.000 0.550
1890.000 0.557
1891.000 0.552
1892.000 0.568
1893.000 0.567
1894.000 0.589
1895.000 0.571
1896.000 0.569
1897.000 0.561
1898.000 0.576
1899.000 0.569
1900.000 0.585
1901.000 0.582
1902.000 0.590
1903.000 0.597
1904.000 0.603
1905.000 0.592
1906.000 0.604
1907.000 0.615
1908.000 0.601
1909.000 0.606
1910.000 0.611
1911.000 0.615
1912.000 0.604
1913.000 0.602
1914.000 0.609
1915.000 0.616
1916.000 0.618
1917.000 0.626
1918.000 0.619
1919.000 0.617
1920.000 0.595
1921.000 0.646
1922.000 0.647
1923.000 0.640
1924.000 0.619
1925.000 0.602
1926.000 0.628
1927.000 0.654
1928.000 0.616
1929.000 0.681
1930.000 0.641
1931.000 0.672
1932.000 0.626
1933.000 0.679
1934.000 0.661
1935.000 0.642
1936.000 0.637
1937.000 0.665
1938.000 0.663
1939.000 0.692
1940.000 0.682
1941.000 0.675
1942.000 0.668
1943.000 0.658
1944.000 0.688
1945.000 0.668
1946.000 0.728
1947.000 0.668
1948.000 0.684
1949.000 0.737
1950.000 0.684
1951.000 0.682
1952.000 0.677
1953.000 0.685
1954.000 0.684
1955.000 0.688
1956.000 0.713
1957.000 0.761
1958.000 0.732
1959.000 0.719
1960.000 0.750
1961.000 0.731
1962.000 0.747
1963.000 0.754
1964.000 0.731
1965.000 0.772
1966.000 0.764
1967.000 0.749
1968.000 0.775
1969.000 0.787
1970.000 0.797
1971.000 0.791
1972.000 0.792
1973.000 0.794
1974.000 0.766
1975.000 0.844
1976.000 0.781
1977.000 0.831
1978.000 0.782
1979.000 0.840
1980.000 0.804
1981.000 0.810
1982.000 0.818
1983.000 0.815
1984.000 0.821
1985.000 0.845
1986.000 0.807
1987.000 0.865
1988.000 0.835
1989.000 0.899
1990.000 0.875
1991.000 0.877
1992.000 0.920
1993.000 0.882
1994.000 0.895
1995.000 0.899
1996.000 0.910
1997.000 0.914
1998.000 0.946
1999.000 0.945
2000.000 0.958
2001.000 0.990
2002.000 0.986
2003.000 0.998
2004.000 0.974
2005.000 0.994
2006.000 1.006
2007.000 1.055
2008.000 1.001
2009.000 1.018
2010.000 1.026
2011.000 1.074
2012.000 1.036
2013.000 1.069
2014.000 1.076
2015.000 1.107
2016.000 1.128
2017.000 1.147
2018.000 1.126
2019.000 1.146
2020.000 1.163
2021.000 1.187
2022.000 1.182
2023.000 1.225
2024.000 1.223
2025.000 1.227
2026.000 1.275
2027.000 1.259
2028.000 1.278
2029.000 1.310
2030.000 1.346
2031.000 1.365
2032.000 1.364
2033.000 1.398
2034.000 1.394
2035.000 1.430
2036.000 1.461
2037.000 1.490
2038.000 1.507
2039.000 1.533
2040.000 1.578
2041.000 1.610
2042.000 1.630
2043.000 1.613
2044.000 1.653
2045.000 1.670
2046.000 1.696
2047.000 1.706
2048.000 1.792
2049.000 1.838
2050.000 1.902
2051.000 1.919
2052.000 2.007
2053.000 2.008
2054.000 2.071
2055.000 2.116
2056.000 2.195
2057.000 2.218
2058.000 2.305
2059.000 2.356
2060.000 2.445
2061.000 2.512
2062.000 2.631
2063.000 2.705
2064.000 2.748
2065.000 2.893
2066.000 2.938
2067.000 3.039
2068.000 3.162
2069.000 3.268
2070.000 3.412
2071.000 3.579
2072.000 3.746
2073.000 3.886
2074.000 4.054
2075.000 4.254
2076.000 4.557
2077.000 4.807
2078.000 5.088
2079.000 5.210
2080.000 5.531
2081.000 5.835
2082.000 6.196
2083.000 6.665
2084.000 7.117
2085.000 7.551
2086.000 8.082
2087.000 8.501
2088.000 9.020
2089.000 9.458
2090.000 9.824
2091.000 9.965
2092.000 10.142
2093.000 10.154
2094.000 9.959
2095.000 9.628
2096.000 9.169
2097.000 8.667
2098.000 8.114
2099.000 7.653
2100.000 7.145
2101.000 6.730
2102.000 6.298
2103.000 5.823
2104.000 5.654
2105.000 5.323
2106.000 5.021
2107.000 4.782
2108.000 4.491
2109.000 4.264
2110.000 4.115
2111.000 3.946
2112.000 3.687
2113.000 3.570
2114.000 3.362
2115.000 3.360
2116.000 3.239
2117.000 3.111
2118.000 3.016
2119.000 2.898
2120.000 2.821
2121.000 2.737
2122.000 2.657
2123.000 2.565
2124.000 2.469
2125.000 2.421
2126.000 2.401
2127.000 2.284
2128.000 2.238
2129.000 2.211
2130.000 2.134
2131.000 2.109
2132.000 2.039
2133.000 2.044
2134.000 1.975
2135.000 1.926
2136.000 1.876
2137.000 1.872
2138.000 1.849
2139.000 1.781
2140.000 1.757
2141.000 1.755
2142.000 1.727
2143.000 1.712
2144.000 1.661
2145.000 1.610
2146.000 1.601
2147.000 1.558
2148.000 1.584
2149.000 1.539
2150.000 1.509
2151.000 1.510
2152.000 1.477
2153.000 1.458
2154.000 1.460
2155.000 1.436
2156.000 1.424
2157.000 1.421
2158.000 1.388
2159.000 1.393
2160.000 1.358
2161.000 1.356
2162.000 1.336
2163.000 1.325
2164.000 1.335
2165.000 1.308
2166.000 1.302
2167.000 1.319
2168.000 1.279
2169.000 1.297
2170.000 1.277
2171.000 1.258
2172.000 1.249
2173.000 1.239
2174.000 1.235
2175.000 1.235
2176.000 1.226
2177.000 1.228
2178.000 1.221
2179.000 1.223
2180.000 1.211
2181.000 1.206
2182.000 1.199
2183.000 1.199
2184.000 1.198
2185.000 1.184
2186.000 1.191
2187.000 1.192
2188.000 1.198
2189.000 1.210
2190.000 1.192
2191.000 1.185
2192.000 1.199
2193.000 1.186
2194.000 1.299
2195.000 1.192
2196.000 1.175
2197.000 1.198
2198.000 1.188
2199.000 1.182
2200.000 1.184
2201.000 1.204
2202.000 1.201
2203.000 1.220
2204.000 1.199
2205.000 1.218
2206.000 1.221
2207.000 1.224
2208.000 1.241
2209.000 1.243
2210.000 1.248
2211.000 1.250
2212.000 1.261
2213.000 1.311
2214.000 1.299
2215.000 1.361
2216.000 1.349
2217.000 1.352
2218.000 1.368
2219.000 1.371
2220.000 1.376
2221.000 1.411
2222.000 1.419
2223.000 1.437
2224.000 1.430
2225.000 1.460
2226.000 1.473
2227.000 1.538
2228.000 1.576
2229.000 1.556
2230.000 1.607
2231.000 1.634
2232.000 1.692
2233.000 1.713
2234.000 1.764
2235.000 1.816
2236.000 1.875
2237.000 1.885
2238.000 1.930
2239.000 1.971
2240.000 2.062
2241.000 2.119
2242.000 2.228
2243.000 2.280
2244.000 2.372
2245.000 2.476
2246.000 2.616
2247.000 2.718
2248.000 2.868
2249.000 3.020
2250.000 3.095
2251.000 3.290
2252.000 3.477
2253.000 3.720
2254.000 3.967
2255.000 4.254
2256.000 4.537
2257.000 4.868
2258.000 5.210
2259.000 5.532
2260.000 5.818
2261.000 5.939
2262.000 6.122
2263.000 6.149
2264.000 6.027
2265.000 5.745
2266.000 5.282
2267.000 4.914
2268.000 4.432
2269.000 3.984
2270.000 3.639
2271.000 3.277
2272.000 2.996
2273.000 2.938
2274.000 2.669
2275.000 2.492
2276.000 2.368
2277.000 2.159
2278.000 2.012
2279.000 2.043
2280.000 1.761
2281.000 1.654
2282.000 1.554
2283.000 1.489
2284.000 1.412
2285.000 1.301
2286.000 1.332
2287.000 1.254
2288.000 1.168
2289.000 1.131
2290.000 1.076
2291.000 1.026
2292.000 0.994
2293.000 0.990
2294.000 0.928
2295.000 0.899
2296.000 0.878
2297.000 0.838
2298.000 0.804
2299.000 0.773
2300.000 0.748
2301.000 0.721
2302.000 0.682
2303.000 0.685
2304.000 0.670
2305.000 0.649
2306.000 0.617
2307.000 0.626
2308.000 0.569
2309.000 0.579
2310.000 0.568
2311.000 0.565
2312.000 0.537
2313.000 0.518
2314.000 0.508
2315.000 0.508
2316.000 0.486
2317.000 0.480
2318.000 0.467
2319.000 0.450
2320.000 0.435
2321.000 0.421
2322.000 0.421
2323.000 0.410
2324.000 0.404
2325.000 0.380
2326.000 0.391
2327.000 0.388
2328.000 0.356
2329.000 0.359
2330.000 0.347
2331.000 0.354
2332.000 0.332
2333.000 0.342
2334.000 0.328
2335.000 0.328
2336.000 0.325
2337.000 0.319
2338.000 0.304
2339.000 0.310
2340.000 0.289
2341.000 0.282
2342.000 0.303
2343.000 0.278
2344.000 0.258
2345.000 0.274
2346.000 0.273
2347.000 0.255
2348.000 0.252
2349.000 0.258
2350.000 0.244
2351.000 0.263
2352.000 0.237
2353.000 0.230
2354.000 0.250
2355.000 0.233
2356.000 0.228
2357.000 0.223
2358.000 0.209
2359.000 0.216
2360.000 0.218
2361.000 0.219
2362.000 0.210
2363.000 0.199
2364.000 0.210
2365.000 0.200
2366.000 0.196
2367.000 0.193
2368.000 0.190
2369.000 0.190
2370.000 0.189
2371.000 0.188
2372.000 0.188
2373.000 0.184
2374.000 0.177
2375.000 0.178
2376.000 0.175
2377.000 0.361
2378.000 0.542
2379.000 0.247
2380.000 0.187
2381.000 0.172
2382.000 0.169
2383.000 0.187
2384.000 0.165
2385.000 0.172
2386.000 0.172
2387.000 0.215
2388.000 0.158
2389.000 0.154
2390.000 0.146
2391.000 0.147
2392.000 0.241
2393.000 0.144
2394.000 0.147
2395.000 0.156
2396.000 0.166
2397.000 0.136
2398.000 0.133
2399.000 0.142
2400.000 0.139
2401.000 0.153
2402.000 0.140
2403.000 0.130
2404.000 0.145
2405.000 0.127
2406.000 0.121
2407.000 0.118
2408.000 0.125
2409.000 0.129
2410.000 0.120
2411.000 0.131
2412.000 0.125
2413.000 0.129
2414.000 0.125
2415.000 0.121
2416.000 0.113
2417.000 0.102
2418.000 0.111
2419.000 0.106
2420.000 0.117
2421.000 0.117
2422.000 0.111
2423.000 0.115
2424.000 0.105
2425.000 0.098
2426.000 0.108
2427.000 0.109
2428.000 0.100
2429.000 0.107
2430.000 0.102
2431.000 0.103
2432.000 0.113
2433.000 0.101
2434.000 0.105
2435.000 0.112
2436.000 0.109
2437.000 0.099
2438.000 0.095
2439.000 0.109
2440.000 0.092
2441.000 0.101
2442.000 0.094
2443.000 0.101
2444.000 0.098
2445.000 0.090
2446.000 0.097
2447.000 0.096
2448.000 0.091
2449.000 0.092
2450.000 0.099
2451.000 0.087
2452.000 0.095
2453.000 0.090
2454.000 0.083
2455.000 0.095
2456.000 0.091
2457.000 0.094
2458.000 0.088
2459.000 0.086
2460.000 0.094
2461.000 0.086
2462.000 0.086
2463.000 0.088
2464.000 0.089
2465.000 0.088
2466.000 0.091
2467.000 0.086
2468.000 0.084
2469.000 0.084
2470.000 0.084
2471.000 0.088
2472.000 0.090
2473.000 0.087
2474.000 0.078
2475.000 0.088
2476.000 0.083
2477.000 0.091
2478.000 0.077
2479.000 0.080
2480.000 0.076
2481.000 0.082
2482.000 0.081
2483.000 0.079
2484.000 0.087
2485.000 0.078
2486.000 0.090
2487.000 0.082
2488.000 0.080
2489.000 0.081
2490.000 0.083
2491.000 0.083
2492.000 0.085
2493.000 0.072
2494.000 0.078
2495.000 0.082
2496.000 0.090
2497.000 0.079
2498.000 0.080
2499.000 0.085
2500.000 0.080
2501.000 0.077
2502.000 0.076
2503.000 0.082
2504.000 0.076
2505.000 0.078
2506.000 0.075
2507.000 0.081
2508.000 0.076
2509.000 0.080
2510.000 0.082
2511.000 0.081
2512.000 0.085
2513.000 0.073
2514.000 0.080
2515.000 0.077
2516.000 0.080
2517.000 0.078
2518.000 0.087
2519.000 0.079
2520.000 0.075
2521.000 0.075
2522.000 0.074
2523.000 0.079
2524.000 0.080
2525.000 0.082
2526.000 0.086
2527.000 0.077
2528.000 0.082
2529.000 0.080
2530.000 0.079
2531.000 0.078
2532.000 0.074
2533.000 0.081
2534.000 0.083
2535.000 0.079
2536.000 0.081
2537.000 0.077
2538.000 0.072
2539.000 0.079
2540.000 0.082
2541.000 0.081
2542.000 0.083
2543.000 0.077
2544.000 0.083
2545.000 0.079
2546.000 0.081
2547.000 0.083
2548.000 0.082
2549.000 0.081
2550.000 0.082
2551.000 0.082
2552.000 0.079
2553.000 0.080
2554.000 0.077
2555.000 0.078
2556.000 0.079
2557.000 0.080
2558.000 0.085
2559.000 0.079
2560.000 0.088
2561.000 0.081
2562.000 0.082
2563.000 0.090
2564.000 0.081
2565.000 0.084
2566.000 0.090
2567.000 0.093
2568.000 0.092
2569.000 0.083
2570.000 0.082
2571.000 0.084
2572.000 0.085
2573.000 0.090
2574.000 0.092
2575.000 0.088
2576.000 0.086
2577.000 0.092
2578.000 0.078
2579.000 0.088
2580.000 0.082
2581.000 0.087
2582.000 0.086
2583.000 0.081
2584.000 0.089
2585.000 0.090
2586.000 0.087
2587.000 0.084
2588.000 0.088
2589.000 0.095
2590.000 0.097
2591.000 0.092
2592.000 0.090
2593.000 0.094
2594.000 0.090
2595.000 0.092
2596.000 0.104
2597.000 0.090
2598.000 0.087
2599.000 0.102
2600.000 0.086
