1801.000 0.579
1802.000 0.585
1803.000 0.578
1804.000 0.596
1805.000 0.587
1806.000 0.595
1807.000 0.599
1808.000 0.606
1809.000 0.604
1810.000 0.600
1811.000 0.618
1812.000 0.613
1813.000 0.616
1814.000 0.619
1815.000 0.642
1816.000 0.624
1817.000 0.645
1818.000 0.634
1819.000 0.637
1820.000 0.648
1821.000 0.648
1822.000 0.648
1823.000 0.648
1824.000 0.658
1825.000 0.671
1826.000 0.676
1827.000 0.672
1828.000 0.668
1829.000 0.675
1830.000 0.681
1831.000 0.686
1832.000 0.691
1833.000 0.692
1834.000 0.691
1835.000 0.697
1836.000 0.699
1837.000 0.698
1838.000 0.714
1839.000 0.716
1840.000 0.708
1841.000 0.732
1842.000 0.704
1843.000 0.720
1844.000 0.723
1845.000 0.726
1846.000 0.738
1847.000 0.751
1848.000 0.744
1849.000 0.739
1850.000 0.756
1851.000 0.760
1852.000 0.750
1853.000 0.765
1854.000 0.749
1855.000 0.773
1856.000 0.763
1857.000 0.766
1858.000 0.784
1859.000 0.791
1860.000 0.775
1861.000 0.784
1862.000 0.783
1863.000 0.791
1864.000 0.778
1865.000 0.807
1866.000 0.816
1867.000 0.787
1868.000 0.806
1869.000 0.806
1870.000 0.800
1871.000 0.846
1872.000 0.830
1873.000 0.812
1874.000 0.792
1875.000 0.828
1876.000 0.842
1877.000 0.865
1878.000 0.864
1879.000 0.812
1880.000 0.831
1881.000 0.858
1882.000 0.862
1883.000 0.823
1884.000 0.866
1885.000 0.863
1886.000 0.866
1887.000 0.840
1888.000 0.906
1889.000 0.850
1890.000 0.856
1891.000 0.841
1892.000 0.870
1893.000 0.886
1894.000 0.906
1895.000 0.890
1896.000 0.869
1897.000 0.845
1898.000 0.890
1899.000 0.931
1900.000 0.843
1901.000 0.925
1902.000 0.858
1903.000 0.918
1904.000 0.894
1905.000 0.963
1906.000 0.884
1907.000 0.855
1908.000 0.886
1909.000 0.886
1910.000 0.926
1911.000 0.898
1912.000 0.927
1913.000 0.926
1914.000 0.966
1915.000 0.940
1916.000 0.927
1917.000 0.936
1918.000 0.936
1919.000 0.977
1920.000 0.901
1921.000 0.964
1922.000 0.988
1923.000 0.986
1924.000 0.980
1925.000 0.989
1926.000 0.956
1927.000 0.951
1928.000 0.981
1929.000 0.997
1930.000 0.965
1931.000 0.980
1932.000 1.009
1933.000 0.984
1934.000 0.953
1935.000 1.023
1936.000 0.998
1937.000 1.001
1938.000 0.983
1939.000 0.965
1940.000 0.993
1941.000 1.000
1942.000 1.000
1943.000 1.028
1944.000 1.023
1945.000 1.025
1946.000 1.033
1947.000 1.029
1948.000 1.026
1949.000 1.010
1950.000 1.054
1951.000 0.982
1952.000 1.037
1953.000 1.085
1954.000 1.104
1955.000 1.058
1956.000 1.091
1957.000 1.094
1958.000 1.092
1959.000 1.069
1960.000 1.037
1961.000 1.110
1962.000 1.071
1963.000 1.096
1964.000 1.050
1965.000 1.097
1966.000 1.070
1967.000 1.118
1968.000 1.135
1969.000 1.107
1970.000 1.134
1971.000 1.109
1972.000 1.143
1973.000 1.134
1974.000 1.154
1975.000 1.120
1976.000 1.120
1977.000 1.145
1978.000 1.181
1979.000 1.132
1980.000 1.159
1981.000 1.165
1982.000 1.178
1983.000 1.221
1984.000 1.168
1985.000 1.157
1986.000 1.169
1987.000 1.173
1988.000 1.234
1989.000 1.294
1990.000 1.226
1991.000 1.240
1992.000 1.224
1993.000 1.282
1994.000 1.283
1995.000 1.263
1996.000 1.331
1997.000 1.303
1998.000 1.260
1999.000 1.295
2000.000 1.319
2001.000 1.318
2002.000 1.290
2003.000 1.319
2004.000 1.329
2005.000 1.338
2006.000 1.357
2007.000 1.424
2008.000 1.341
2009.000 1.358
2010.000 1.432
2011.000 1.392
2012.000 1.470
2013.000 1.439
2014.000 1.455
2015.000 1.481
2016.000 1.472
2017.000 1.482
2018.000 1.443
2019.000 1.490
2020.000 1.513
2021.000 1.509
2022.000 1.533
2023.000 1.569
2024.000 1.595
2025.000 1.564
2026.000 1.647
2027.000 1.612
2028.000 1.667
2029.000 1.645
2030.000 1.713
2031.000 1.688
2032.000 1.727
2033.000 1.721
2034.000 1.779
2035.000 1.796
2036.000 1.931
2037.000 1.722
2038.000 1.877
2039.000 1.891
2040.000 1.939
2041.000 1.892
2042.000 1.968
2043.000 1.983
2044.000 2.061
2045.000 2.053
2046.000 2.141
2047.000 2.194
2048.000 2.157
2049.000 2.221
2050.000 2.217
2051.000 2.257
2052.000 2.420
2053.000 2.423
2054.000 2.373
2055.000 2.485
2056.000 2.561
2057.000 2.629
2058.000 2.674
2059.000 2.798
2060.000 2.831
2061.000 2.932
2062.000 2.933
2063.000 3.022
2064.000 3.170
2065.000 3.234
2066.000 3.361
2067.000 3.487
2068.000 3.588
2069.000 3.710
2070.000 3.897
2071.000 4.020
2072.000 4.197
2073.000 4.268
2074.000 4.437
2075.000 4.701
2076.000 4.891
2077.000 5.147
2078.000 5.404
2079.000 5.725
2080.000 6.061
2081.000 6.368
2082.000 6.750
2083.000 7.201
2084.000 7.655
2085.000 8.132
2086.000 8.406
2087.000 8.922
2088.000 9.338
2089.000 9.788
2090.000 10.137
2091.000 10.340
2092.000 10.359
2093.000 10.173
2094.000 9.864
2095.000 9.320
2096.000 8.714
2097.000 8.156
2098.000 7.833
2099.000 7.224
2100.000 6.666
2101.000 6.172
2102.000 5.747
2103.000 5.311
2104.000 4.956
2105.000 4.593
2106.000 4.352
2107.000 4.092
2108.000 3.901
2109.000 3.679
2110.000 3.477
2111.000 3.374
2112.000 3.189
2113.000 3.060
2114.000 2.881
2115.000 2.763
2116.000 2.625
2117.000 2.507
2118.000 2.404
2119.000 2.317
2120.000 2.204
2121.000 2.190
2122.000 2.136
2123.000 1.985
2124.000 1.934
2125.000 1.855
2126.000 1.812
2127.000 1.746
2128.000 1.659
2129.000 1.651
2130.000 1.509
2131.000 1.503
2132.000 1.467
2133.000 1.410
2134.000 1.399
2135.000 1.374
2136.000 1.314
2137.000 1.276
2138.000 1.254
2139.000 1.220
2140.000 1.194
2141.000 1.133
2142.000 1.115
2143.000 1.073
2144.000 1.053
2145.000 1.015
2146.000 1.003
2147.000 0.971
2148.000 0.956
2149.000 0.914
2150.000 0.921
2151.000 0.882
2152.000 0.863
2153.000 0.828
2154.000 0.810
2155.000 0.791
2156.000 0.797
2157.000 0.735
2158.000 0.719
2159.000 0.742
2160.000 0.697
2161.000 0.686
2162.000 0.663
2163.000 0.670
2164.000 0.634
2165.000 0.617
2166.000 0.611
2167.000 0.589
2168.000 0.580
2169.000 0.561
2170.000 0.569
2171.000 0.537
2172.000 0.536
2173.000 0.511
2174.000 0.491
2175.000 0.493
2176.000 0.474
2177.000 0.456
2178.000 0.449
2179.000 0.440
2180.000 0.423
2181.000 0.416
2182.000 0.410
2183.000 0.393
2184.000 0.379
2185.000 0.362
2186.000 0.366
2187.000 0.351
2188.000 0.338
2189.000 0.321
2190.000 0.317
2191.000 0.311
2192.000 0.298
2193.000 0.280
2194.000 0.261
2195.000 0.270
2196.000 0.262
2197.000 0.248
2198.000 0.241
2199.000 0.229
2200.000 0.225
2201.000 0.206
2202.000 0.206
2203.000 0.195
2204.000 0.175
2205.000 0.159
2206.000 0.183
2207.000 0.158
2208.000 0.144
2209.000 0.133
2210.000 0.131
2211.000 0.118
2212.000 0.119
2213.000 0.109
2214.000 0.110
2215.000 0.103
2216.000 0.075
2217.000 0.076
2218.000 0.073
2219.000 0.066
2220.000 0.069
2221.000 0.076
2222.000 0.082
2223.000 0.080
2224.000 0.091
2225.000 0.102
2226.000 0.134
2227.000 0.132
2228.000 0.163
2229.000 0.163
2230.000 0.181
2231.000 0.179
2232.000 0.198
2233.000 0.235
2234.000 0.247
2235.000 0.278
2236.000 0.297
2237.000 0.312
2238.000 0.329
2239.000 0.376
2240.000 0.411
2241.000 0.435
2242.000 0.451
2243.000 0.505
2244.000 0.534
2245.000 0.565
2246.000 0.600
2247.000 0.651
2248.000 0.726
2249.000 0.787
2250.000 0.869
2251.000 0.938
2252.000 1.021
2253.000 1.124
2254.000 1.215
2255.000 1.321
2256.000 1.451
2257.000 1.514
2258.000 1.639
2259.000 1.836
2260.000 1.872
2261.000 2.016
2262.000 2.141
2263.000 2.213
2264.000 2.241
2265.000 2.210
2266.000 2.165
2267.000 2.053
2268.000 1.957
2269.000 1.900
2270.000 1.758
2271.000 1.623
2272.000 1.559
2273.000 1.460
2274.000 1.386
2275.000 1.292
2276.000 1.232
2277.000 1.165
2278.000 1.119
2279.000 1.067
2280.000 1.023
2281.000 1.007
2282.000 0.950
2283.000 0.884
2284.000 0.884
2285.000 0.835
2286.000 0.830
2287.000 0.790
2288.000 0.766
2289.000 0.740
2290.000 0.719
2291.000 0.701
2292.000 0.677
2293.000 0.669
2294.000 0.656
2295.000 0.622
2296.000 0.636
2297.000 0.619
2298.000 0.593
2299.000 0.591
2300.000 0.555
2301.000 0.573
2302.000 0.554
2303.000 0.519
2304.000 0.534
2305.000 0.515
2306.000 0.515
2307.000 0.504
2308.000 0.499
2309.000 0.485
2310.000 0.481
2311.000 0.464
2312.000 0.455
2313.000 0.456
2314.000 0.451
2315.000 0.453
2316.000 0.439
2317.000 0.417
2318.000 0.433
2319.000 0.441
2320.000 0.395
2321.000 0.384
2322.000 0.405
2323.000 0.392
2324.000 0.435
2325.000 0.310
2326.000 0.400
2327.000 0.360
2328.000 0.372
2329.000 0.346
2330.000 0.419
2331.000 0.452
2332.000 0.279
2333.000 0.505
2334.000 0.322
2335.000 0.336
2336.000 0.329
2337.000 0.357
2338.000 0.289
2339.000 0.327
2340.000 0.318
2341.000 0.269
2342.000 0.316
2343.000 0.303
2344.000 0.302
2345.000 0.297
2346.000 0.306
2347.000 0.304
2348.000 0.281
2349.000 0.293
2350.000 0.289
2351.000 0.284
2352.000 0.279
2353.000 0.286
2354.000 0.286
2355.000 0.283
2356.000 0.275
2357.000 0.287
2358.000 0.259
2359.000 0.268
2360.000 0.260
2361.000 0.261
2362.000 0.261
2363.000 0.255
2364.000 0.256
2365.000 0.279
2366.000 0.237
2367.000 0.275
2368.000 0.272
2369.000 0.256
2370.000 0.248
2371.000 0.257
2372.000 0.209
2373.000 0.228
2374.000 0.280
2375.000 0.217
2376.000 0.238
2377.000 0.223
2378.000 0.229
2379.000 0.230
2380.000 0.226
2381.000 0.210
2382.000 0.214
2383.000 0.223
2384.000 0.235
2385.000 0.226
2386.000 0.211
2387.000 0.210
2388.000 0.215
2389.000 0.205
2390.000 0.210
2391.000 0.203
2392.000 0.205
2393.000 0.200
2394.000 0.215
2395.000 0.199
2396.000 0.209
2397.000 0.195
2398.000 0.196
2399.000 0.198
2400.000 0.195
2401.000 0.188
2402.000 0.183
2403.000 0.194
2404.000 0.189
2405.000 0.193
2406.000 0.187
2407.000 0.185
2408.000 0.189
2409.000 0.184
2410.000 0.177
2411.000 0.182
2412.000 0.175
2413.000 0.179
2414.000 0.186
2415.000 0.171
2416.000 0.174
2417.000 0.169
2418.000 0.162
2419.000 0.175
2420.000 0.169
2421.000 0.169
2422.000 0.169
2423.000 0.167
2424.000 0.167
2425.000 0.165
2426.000 0.172
2427.000 0.168
2428.000 0.172
2429.000 0.158
2430.000 0.162
2431.000 0.164
2432.000 0.161
2433.000 0.162
2434.000 0.162
2435.000 0.165
2436.000 0.160
2437.000 0.158
2438.000 0.161
2439.000 0.154
2440.000 0.147
2441.000 0.163
2442.000 0.148
2443.000 0.148
2444.000 0.152
2445.000 0.159
2446.000 0.150
2447.000 0.154
2448.000 0.153
2449.000 0.148
2450.000 0.142
2451.000 0.149
2452.000 0.154
2453.000 0.162
2454.000 0.145
2455.000 0.152
2456.000 0.140
2457.000 0.160
2458.000 0.136
2459.000 0.150
2460.000 0.148
2461.000 0.142
2462.000 0.151
2463.000 0.145
2464.000 0.145
2465.000 0.146
2466.000 0.140
2467.000 0.147
2468.000 0.149
2469.000 0.149
2470.000 0.146
2471.000 0.139
2472.000 0.146
2473.000 0.149
2474.000 0.150
2475.000 0.145
2476.000 0.148
2477.000 0.147
2478.000 0.141
2479.000 0.149
2480.000 0.144
2481.000 0.134
2482.000 0.155
2483.000 0.140
2484.000 0.136
2485.000 0.141
2486.000 0.147
2487.000 0.135
2488.000 0.142
2489.000 0.142
2490.000 0.142
2491.000 0.140
2492.000 0.131
2493.000 0.132
2494.000 0.139
2495.000 0.132
2496.000 0.136
2497.000 0.133
2498.000 0.135
2499.000 0.133
2500.000 0.133
2501.000 0.143
2502.000 0.137
2503.000 0.137
2504.000 0.138
2505.000 0.141
2506.000 0.145
2507.000 0.143
2508.000 0.130
2509.000 0.137
2510.000 0.136
2511.000 0.128
2512.000 0.147
2513.000 0.132
2514.000 0.130
2515.000 0.140
2516.000 0.132
2517.000 0.131
2518.000 0.135
2519.000 0.139
2520.000 0.137
2521.000 0.140
2522.000 0.136
2523.000 0.131
2524.000 0.136
2525.000 0.130
2526.000 0.134
2527.000 0.134
2528.000 0.134
2529.000 0.136
2530.000 0.134
2531.000 0.135
2532.000 0.141
2533.000 0.126
2534.000 0.135
2535.000 0.136
2536.000 0.133
2537.000 0.134
2538.000 0.137
2539.000 0.133
2540.000 0.135
2541.000 0.132
2542.000 0.142
2543.000 0.143
2544.000 0.132
2545.000 0.137
2546.000 0.144
2547.000 0.134
2548.000 0.141
2549.000 0.137
2550.000 0.139
2551.000 0.141
2552.000 0.136
2553.000 0.135
2554.000 0.140
2555.000 0.136
2556.000 0.142
2557.000 0.143
2558.000 0.140
2559.000 0.139
2560.000 0.146
2561.000 0.152
2562.000 0.139
2563.000 0.142
2564.000 0.149
2565.000 0.139
2566.000 0.144
2567.000 0.145
2568.000 0.149
2569.000 0.141
2570.000 0.140
2571.000 0.146
2572.000 0.144
2573.000 0.147
2574.000 0.143
2575.000 0.151
2576.000 0.149
2577.000 0.156
2578.000 0.149
2579.000 0.151
2580.000 0.146
2581.000 0.147
2582.000 0.152
2583.000 0.154
2584.000 0.157
2585.000 0.146
2586.000 0.144
2587.000 0.155
2588.000 0.151
2589.000 0.155
2590.000 0.152
2591.000 0.151
2592.000 0.149
2593.000 0.143
2594.000 0.150
2595.000 0.156
2596.000 0.158
2597.000 0.160
2598.000 0.151
2599.000 0.151
2600.000 0.151
