1801.000 0.422
1802.000 0.601
1803.000 0.586
1804.000 0.596
1805.000 0.600
1806.000 0.608
1807.000 0.616
1808.000 0.628
1809.000 0.619
1810.000 0.623
1811.000 0.617
1812.000 0.625
1813.000 0.632
1814.000 0.623
1815.000 0.639
1816.000 0.637
1817.000 0.648
1818.000 0.666
1819.000 0.652
1820.000 0.659
1821.000 0.666
1822.000 0.677
1823.000 0.668
1824.000 0.669
1825.000 0.672
1826.000 0.683
1827.000 0.689
1828.000 0.693
1829.000 0.683
1830.000 0.697
1831.000 0.702
1832.000 0.707
1833.000 0.704
1834.000 0.710
1835.000 0.706
1836.000 0.724
1837.000 0.701
1838.000 0.732
1839.000 0.741
1840.000 0.725
1841.000 0.731
1842.000 0.748
1843.000 0.736
1844.000 0.730
1845.000 0.733
1846.000 0.740
1847.000 0.753
1848.000 0.747
1849.000 0.748
1850.000 0.757
1851.000 0.764
1852.000 0.764
1853.000 0.763
1854.000 0.782
1855.000 0.779
1856.000 0.787
1857.000 0.770
1858.000 0.783
1859.000 0.790
1860.000 0.793
1861.000 0.801
1862.000 0.801
1863.000 0.798
1864.000 0.811
1865.000 0.806
1866.000 0.806
1867.000 0.813
1868.000 0.818
1869.000 0.844
1870.000 0.831
1871.000 0.831
1872.000 0.840
1873.000 0.825
1874.000 0.843
1875.000 0.845
1876.000 0.845
1877.000 0.858
1878.000 0.849
1879.000 0.850
1880.000 0.863
1881.000 0.826
1882.000 0.860
1883.000 0.853
1884.000 0.852
1885.000 0.877
1886.000 0.884
1887.000 0.876
1888.000 0.890
1889.000 0.879
1890.000 0.896
1891.000 0.883
1892.000 0.918
1893.000 0.884
1894.000 0.920
1895.000 0.925
1896.000 0.891
1897.000 1.015
1898.000 0.892
1899.000 0.912
1900.000 0.917
1901.000 0.926
1902.000 0.878
1903.000 0.898
1904.000 0.933
1905.000 0.946
1906.000 0.938
1907.000 1.019
1908.000 0.953
1909.000 0.922
1910.000 0.934
1911.000 0.945
1912.000 0.938
1913.000 0.939
1914.000 0.954
1915.000 0.945
1916.000 0.934
1917.000 0.999
1918.000 0.963
1919.000 0.940
1920.000 0.954
1921.000 0.948
1922.000 0.972
1923.000 0.942
1924.000 0.993
1925.000 1.003
1926.000 0.995
1927.000 0.995
1928.000 0.980
1929.000 1.002
1930.000 0.991
1931.000 1.016
1932.000 0.967
1933.000 1.002
1934.000 1.027
1935.000 1.027
1936.000 1.037
1937.000 1.063
1938.000 1.070
1939.000 1.035
1940.000 1.067
1941.000 1.073
1942.000 1.008
1943.000 0.988
1944.000 1.073
1945.000 1.023
1946.000 1.026
1947.000 1.052
1948.000 1.027
1949.000 1.060
1950.000 1.042
1951.000 1.057
1952.000 1.048
1953.000 1.036
1954.000 1.043
1955.000 1.055
1956.000 1.074
1957.000 1.068
1958.000 1.058
1959.000 1.066
1960.000 1.107
1961.000 1.090
1962.000 1.102
1963.000 1.078
1964.000 1.134
1965.000 1.100
1966.000 1.092
1967.000 1.155
1968.000 1.159
1969.000 1.189
1970.000 1.173
1971.000 1.150
1972.000 1.185
1973.000 1.181
1974.000 1.125
1975.000 1.144
1976.000 1.189
1977.000 1.167
1978.000 1.214
1979.000 1.117
1980.000 1.237
1981.000 1.200
1982.000 1.170
1983.000 1.163
1984.000 1.196
1985.000 1.163
1986.000 1.213
1987.000 1.195
1988.000 1.224
1989.000 1.254
1990.000 1.284
1991.000 1.193
1992.000 1.313
1993.000 1.238
1994.000 1.286
1995.000 1.251
1996.000 1.262
1997.000 1.319
1998.000 1.313
1999.000 1.269
2000.000 1.310
2001.000 1.337
2002.000 1.348
2003.000 1.336
2004.000 1.301
2005.000 1.373
2006.000 1.424
2007.000 1.375
2008.000 1.390
2009.000 1.390
2010.000 1.405
2011.000 1.436
2012.000 1.438
2013.000 1.471
2014.000 1.461
2015.000 1.474
2016.000 1.478
2017.000 1.512
2018.000 1.518
2019.000 1.528
2020.000 1.603
2021.000 1.555
2022.000 1.529
2023.000 1.596
2024.000 1.649
2025.000 1.610
2026.000 1.667
2027.000 1.642
2028.000 1.712
2029.000 1.700
2030.000 1.696
2031.000 1.730
2032.000 1.779
2033.000 1.825
2034.000 1.817
2035.000 1.802
2036.000 1.836
2037.000 1.866
2038.000 1.920
2039.000 1.934
2040.000 1.928
2041.000 1.976
2042.000 2.002
2043.000 2.030
2044.000 2.074
2045.000 2.066
2046.000 2.125
2047.000 2.204
2048.000 2.222
2049.000 2.258
2050.000 2.320
2051.000 2.361
2052.000 2.397
2053.000 2.426
2054.000 2.488
2055.000 2.484
2056.000 2.625
2057.000 2.609
2058.000 2.687
2059.000 2.781
2060.000 2.812
2061.000 2.922
2062.000 2.980
2063.000 3.085
2064.000 3.149
2065.000 3.272
2066.000 3.373
2067.000 3.516
2068.000 3.564
2069.000 3.691
2070.000 3.805
2071.000 4.054
2072.000 4.184
2073.000 4.319
2074.000 4.521
2075.000 4.705
2076.000 4.966
2077.000 5.211
2078.000 5.491
2079.000 5.771
2080.000 5.953
2081.000 6.310
2082.000 6.889
2083.000 7.133
2084.000 7.543
2085.000 8.005
2086.000 8.481
2087.000 8.996
2088.000 9.446
2089.000 9.829
2090.000 10.136
2091.000 10.293
2092.000 10.253
2093.000 10.221
2094.000 9.874
2095.000 9.473
2096.000 8.918
2097.000 8.291
2098.000 7.690
2099.000 7.098
2100.000 6.524
2101.000 6.080
2102.000 5.591
2103.000 5.217
2104.000 5.013
2105.000 4.692
2106.000 4.448
2107.000 4.177
2108.000 3.893
2109.000 3.689
2110.000 3.487
2111.000 3.304
2112.000 3.079
2113.000 2.964
2114.000 2.836
2115.000 2.679
2116.000 2.585
2117.000 2.514
2118.000 2.386
2119.000 2.304
2120.000 2.221
2121.000 2.160
2122.000 2.023
2123.000 1.973
2124.000 1.908
2125.000 1.811
2126.000 1.778
2127.000 1.705
2128.000 1.655
2129.000 1.587
2130.000 1.538
2131.000 1.483
2132.000 1.451
2133.000 1.406
2134.000 1.375
2135.000 1.313
2136.000 1.279
2137.000 1.258
2138.000 1.205
2139.000 1.178
2140.000 1.148
2141.000 1.092
2142.000 1.076
2143.000 1.059
2144.000 1.051
2145.000 0.992
2146.000 0.977
2147.000 0.956
2148.000 0.922
2149.000 0.902
2150.000 0.851
2151.000 0.855
2152.000 0.802
2153.000 0.791
2154.000 0.789
2155.000 0.756
2156.000 0.748
2157.000 0.727
2158.000 0.708
2159.000 0.685
2160.000 0.659
2161.000 0.632
2162.000 0.619
2163.000 0.611
2164.000 0.589
2165.000 0.589
2166.000 0.570
2167.000 0.547
2168.000 0.568
2169.000 0.515
2170.000 0.518
2171.000 0.497
2172.000 0.506
2173.000 0.478
2174.000 0.443
2175.000 0.443
2176.000 0.423
2177.000 0.415
2178.000 0.394
2179.000 0.400
2180.000 0.380
2181.000 0.374
2182.000 0.360
2183.000 0.359
2184.000 0.334
2185.000 0.330
2186.000 0.309
2187.000 0.300
2188.000 0.294
2189.000 0.278
2190.000 0.284
2191.000 0.274
2192.000 0.252
2193.000 0.250
2194.000 0.236
2195.000 0.227
2196.000 0.211
2197.000 0.197
2198.000 0.189
2199.000 0.247
2200.000 0.201
2201.000 0.153
2202.000 0.158
2203.000 0.128
2204.000 0.140
2205.000 0.130
2206.000 0.116
2207.000 0.095
2208.000 0.108
2209.000 0.086
2210.000 0.089
2211.000 0.066
2212.000 0.074
2213.000 0.054
2214.000 0.079
2215.000 0.071
2216.000 0.077
2217.000 0.089
2218.000 0.095
2219.000 0.106
2220.000 0.113
2221.000 0.133
2222.000 0.147
2223.000 0.166
2224.000 0.176
2225.000 0.187
2226.000 0.194
2227.000 0.204
2228.000 0.236
2229.000 0.246
2230.000 0.276
2231.000 0.275
2232.000 0.323
2233.000 0.330
2234.000 0.359
2235.000 0.379
2236.000 0.405
2237.000 0.439
2238.000 0.467
2239.000 0.509
2240.000 0.512
2241.000 0.559
2242.000 0.604
2243.000 0.657
2244.000 0.718
2245.000 0.739
2246.000 0.805
2247.000 0.862
2248.000 0.950
2249.000 1.000
2250.000 1.104
2251.000 1.130
2252.000 1.235
2253.000 1.343
2254.000 1.457
2255.000 1.608
2256.000 1.751
2257.000 1.921
2258.000 2.065
2259.000 2.226
2260.000 2.377
2261.000 2.510
2262.000 2.572
2263.000 2.688
2264.000 2.703
2265.000 2.650
2266.000 2.608
2267.000 2.451
2268.000 2.345
2269.000 2.192
2270.000 2.060
2271.000 1.909
2272.000 1.795
2273.000 1.697
2274.000 1.597
2275.000 1.533
2276.000 1.414
2277.000 1.396
2278.000 1.309
2279.000 1.264
2280.000 1.198
2281.000 1.148
2282.000 1.081
2283.000 1.050
2284.000 1.033
2285.000 0.976
2286.000 0.952
2287.000 0.928
2288.000 0.888
2289.000 0.874
2290.000 0.831
2291.000 0.796
2292.000 0.795
2293.000 0.772
2294.000 0.753
2295.000 0.729
2296.000 0.705
2297.000 0.695
2298.000 0.676
2299.000 0.633
2300.000 0.653
2301.000 0.637
2302.000 0.670
2303.000 0.605
2304.000 0.591
2305.000 0.581
2306.000 0.591
2307.000 0.559
2308.000 0.564
2309.000 0.560
2310.000 0.554
2311.000 0.530
2312.000 0.533
2313.000 0.521
2314.000 0.503
2315.000 0.489
2316.000 0.495
2317.000 0.461
2318.000 0.467
2319.000 0.457
2320.000 0.454
2321.000 0.465
2322.000 0.445
2323.000 0.440
2324.000 0.419
2325.000 0.422
2326.000 0.424
2327.000 0.418
2328.000 0.393
2329.000 0.410
2330.000 0.401
2331.000 0.396
2332.000 0.382
2333.000 0.378
2334.000 0.391
2335.000 0.384
2336.000 0.379
2337.000 0.367
2338.000 0.362
2339.000 0.368
2340.000 0.363
2341.000 0.350
2342.000 0.341
2343.000 0.359
2344.000 0.344
2345.000 0.349
2346.000 0.348
2347.000 0.346
2348.000 0.321
2349.000 0.345
2350.000 0.302
2351.000 0.312
2352.000 0.316
2353.000 0.322
2354.000 0.311
2355.000 0.311
2356.000 0.300
2357.000 0.297
2358.000 0.301
2359.000 0.292
2360.000 0.296
2361.000 0.283
2362.000 0.286
2363.000 0.280
2364.000 0.282
2365.000 0.279
2366.000 0.273
2367.000 0.261
2368.000 0.267
2369.000 0.270
2370.000 0.263
2371.000 0.270
2372.000 0.257
2373.000 0.251
2374.000 0.262
2375.000 0.261
2376.000 0.261
2377.000 0.245
2378.000 0.250
2379.000 0.252
2380.000 0.248
2381.000 0.241
2382.000 0.240
2383.000 0.236
2384.000 0.236
2385.000 0.242
2386.000 0.237
2387.000 0.239
2388.000 0.226
2389.000 0.224
2390.000 0.236
2391.000 0.226
2392.000 0.213
2393.000 0.232
2394.000 0.233
2395.000 0.219
2396.000 0.215
2397.000 0.228
2398.000 0.203
2399.000 0.214
2400.000 0.223
2401.000 0.209
2402.000 0.221
2403.000 0.210
2404.000 0.211
2405.000 0.203
2406.000 0.203
2407.000 0.205
2408.000 0.210
2409.000 0.198
2410.000 0.203
2411.000 0.202
2412.000 0.198
2413.000 0.197
2414.000 0.206
2415.000 0.196
2416.000 0.266
2417.000 0.181
2418.000 0.202
2419.000 0.189
2420.000 0.194
2421.000 0.244
2422.000 0.183
2423.000 0.195
2424.000 0.185
2425.000 0.191
2426.000 0.179
2427.000 0.184
2428.000 0.187
2429.000 0.186
2430.000 0.185
2431.000 0.177
2432.000 0.180
2433.000 0.172
2434.000 0.172
2435.000 0.178
2436.000 0.169
2437.000 0.188
2438.000 0.166
2439.000 0.176
2440.000 0.170
2441.000 0.171
2442.000 0.170
2443.000 0.166
2444.000 0.177
2445.000 0.166
2446.000 0.176
2447.000 0.182
2448.000 0.164
2449.000 0.163
2450.000 0.172
2451.000 0.158
2452.000 0.169
2453.000 0.159
2454.000 0.166
2455.000 0.163
2456.000 0.166
2457.000 0.160
2458.000 0.169
2459.000 0.163
2460.000 0.165
2461.000 0.165
2462.000 0.157
2463.000 0.156
2464.000 0.165
2465.000 0.158
2466.000 0.167
2467.000 0.163
2468.000 0.159
2469.000 0.161
2470.000 0.155
2471.000 0.154
2472.000 0.155
2473.000 0.159
2474.000 0.160
2475.000 0.156
2476.000 0.153
2477.000 0.158
2478.000 0.154
2479.000 0.153
2480.000 0.156
2481.000 0.152
2482.000 0.154
2483.000 0.150
2484.000 0.148
2485.000 0.152
2486.000 0.150
2487.000 0.147
2488.000 0.160
2489.000 0.153
2490.000 0.151
2491.000 0.155
2492.000 0.152
2493.000 0.151
2494.000 0.149
2495.000 0.143
2496.000 0.151
2497.000 0.143
2498.000 0.140
2499.000 0.150
2500.000 0.153
2501.000 0.141
2502.000 0.140
2503.000 0.149
2504.000 0.162
2505.000 0.159
2506.000 0.148
2507.000 0.144
2508.000 0.150
2509.000 0.147
2510.000 0.149
2511.000 0.152
2512.000 0.148
2513.000 0.146
2514.000 0.148
2515.000 0.145
2516.000 0.150
2517.000 0.145
2518.000 0.149
2519.000 0.146
2520.000 0.149
2521.000 0.148
2522.000 0.149
2523.000 0.147
2524.000 0.156
2525.000 0.148
2526.000 0.144
2527.000 0.153
2528.000 0.147
2529.000 0.147
2530.000 0.142
2531.000 0.148
2532.000 0.148
2533.000 0.151
2534.000 0.146
2535.000 0.146
2536.000 0.149
2537.000 0.153
2538.000 0.151
2539.000 0.153
2540.000 0.153
2541.000 0.153
2542.000 0.149
2543.000 0.148
2544.000 0.155
2545.000 0.152
2546.000 0.154
2547.000 0.153
2548.000 0.152
2549.000 0.158
2550.000 0.147
2551.000 0.151
2552.000 0.152
2553.000 0.160
2554.000 0.158
2555.000 0.159
2556.000 0.162
2557.000 0.152
2558.000 0.150
2559.000 0.153
2560.000 0.157
2561.000 0.162
2562.000 0.154
2563.000 0.157
2564.000 0.159
2565.000 0.158
2566.000 0.156
2567.000 0.161
2568.000 0.150
2569.000 0.171
2570.000 0.161
2571.000 0.156
2572.000 0.159
2573.000 0.160
2574.000 0.161
2575.000 0.162
2576.000 0.159
2577.000 0.162
2578.000 0.160
2579.000 0.160
2580.000 0.157
2581.000 0.168
2582.000 0.164
2583.000 0.167
2584.000 0.162
2585.000 0.165
2586.000 0.163
2587.000 0.172
2588.000 0.175
2589.000 0.166
2590.000 0.170
2591.000 0.164
2592.000 0.168
2593.000 0.164
2594.000 0.175
2595.000 0.174
2596.000 0.162
2597.000 0.163
2598.000 0.165
2599.000 0.158
2600.000 0.167
