1801.000 0.667
1802.000 0.666
1803.000 0.661
1804.000 0.672
1805.000 0.686
1806.000 0.667
1807.000 0.688
1808.000 0.691
1809.000 0.681
1810.000 0.692
1811.000 0.683
1812.000 0.699
1813.000 0.704
1814.000 0.701
1815.000 0.714
1816.000 0.688
1817.000 0.714
1818.000 0.716
1819.000 0.733
1820.000 0.733
1821.000 0.737
1822.000 0.733
1823.000 0.725
1824.000 0.734
1825.000 0.739
1826.000 0.752
1827.000 0.751
1828.000 0.760
1829.000 0.758
1830.000 0.756
1831.000 0.769
1832.000 0.767
1833.000 0.777
1834.000 0.783
1835.000 0.772
1836.000 0.786
1837.000 0.785
1838.000 0.792
1839.000 0.797
1840.000 0.793
1841.000 0.812
1842.000 0.813
1843.000 0.817
1844.000 0.818
1845.000 0.812
1846.000 0.817
1847.000 0.820
1848.000 0.836
1849.000 0.838
1850.000 0.853
1851.000 0.857
1852.000 0.850
1853.000 0.857
1854.000 0.839
1855.000 0.849
1856.000 0.839
1857.000 0.854
1858.000 0.858
1859.000 0.863
1860.000 0.857
1861.000 0.872
1862.000 0.892
1863.000 0.870
1864.000 0.875
1865.000 0.925
1866.000 0.899
1867.000 0.871
1868.000 0.897
1869.000 0.902
1870.000 0.893
1871.000 0.922
1872.000 0.940
1873.000 0.908
1874.000 0.926
1875.000 0.917
1876.000 0.925
1877.000 0.944
1878.000 0.917
1879.000 0.967
1880.000 0.927
1881.000 0.926
1882.000 0.955
1883.000 1.562
1884.000 0.976
1885.000 0.922
1886.000 0.954
1887.000 0.986
1888.000 0.998
1889.000 0.956
1890.000 0.961
1891.000 0.937
1892.000 0.941
1893.000 0.988
1894.000 0.992
1895.000 0.981
1896.000 0.966
1897.000 0.984
1898.000 0.979
1899.000 0.990
1900.000 0.979
1901.000 0.990
1902.000 0.970
1903.000 1.051
1904.000 0.966
1905.000 0.975
1906.000 1.021
1907.000 1.020
1908.000 1.046
1909.000 1.054
1910.000 1.056
1911.000 1.010
1912.000 0.988
1913.000 1.053
1914.000 1.021
1915.000 1.051
1916.000 1.006
1917.000 1.056
1918.000 1.021
1919.000 1.113
1920.000 1.056
1921.000 0.987
1922.000 1.079
1923.000 1.084
1924.000 1.099
1925.000 1.089
1926.000 1.073
1927.000 1.025
1928.000 0.984
1929.000 1.072
1930.000 1.168
1931.000 1.028
1932.000 1.102
1933.000 1.033
1934.000 1.143
1935.000 1.021
1936.000 1.113
1937.000 1.133
1938.000 1.139
1939.000 1.087
1940.000 1.099
1941.000 1.102
1942.000 1.122
1943.000 1.105
1944.000 1.075
1945.000 1.152
1946.000 1.127
1947.000 1.132
1948.000 1.120
1949.000 1.100
1950.000 1.166
1951.000 1.136
1952.000 1.079
1953.000 1.113
1954.000 1.149
1955.000 1.135
1956.000 1.172
1957.000 1.173
1958.000 1.189
1959.000 1.167
1960.000 1.159
1961.000 1.125
1962.000 1.195
1963.000 1.198
1964.000 1.159
1965.000 1.207
1966.000 1.150
1967.000 1.182
1968.000 1.226
1969.000 1.168
1970.000 1.197
1971.000 1.245
1972.000 1.225
1973.000 1.269
1974.000 1.208
1975.000 1.210
1976.000 1.250
1977.000 1.245
1978.000 1.210
1979.000 1.241
1980.000 1.248
1981.000 1.249
1982.000 1.244
1983.000 1.294
1984.000 1.250
1985.000 1.284
1986.000 1.309
1987.000 1.305
1988.000 1.311
1989.000 1.334
1990.000 1.287
1991.000 1.306
1992.000 1.338
1993.000 1.335
1994.000 1.322
1995.000 1.357
1996.000 1.372
1997.000 1.382
1998.000 1.361
1999.000 1.384
2000.000 1.405
2001.000 1.392
2002.000 1.422
2003.000 1.414
2004.000 1.406
2005.000 1.421
2006.000 1.435
2007.000 1.446
2008.000 1.476
2009.000 1.535
2010.000 1.493
2011.000 1.523
2012.000 1.477
2013.000 1.557
2014.000 1.509
2015.000 1.559
2016.000 1.590
2017.000 1.553
2018.000 1.563
2019.000 1.581
2020.000 1.589
2021.000 1.603
2022.000 1.648
2023.000 1.682
2024.000 1.687
2025.000 1.647
2026.000 1.724
2027.000 1.715
2028.000 1.769
2029.000 1.734
2030.000 1.826
2031.000 1.798
2032.000 1.815
2033.000 1.802
2034.000 1.858
2035.000 1.864
2036.000 1.881
2037.000 1.952
2038.000 1.939
2039.000 1.950
2040.000 2.027
2041.000 2.046
2042.000 2.080
2043.000 2.108
2044.000 2.124
2045.000 2.162
2046.000 2.206
2047.000 2.209
2048.000 2.236
2049.000 2.268
2050.000 2.363
2051.000 2.390
2052.000 2.447
2053.000 2.444
2054.000 2.519
2055.000 2.592
2056.000 2.635
2057.000 2.709
2058.000 2.766
2059.000 2.810
2060.000 2.872
2061.000 2.902
2062.000 2.983
2063.000 3.121
2064.000 3.204
2065.000 3.316
2066.000 3.404
2067.000 3.511
2068.000 3.627
2069.000 3.779
2070.000 3.939
2071.000 4.078
2072.000 4.234
2073.000 4.325
2074.000 4.526
2075.000 4.755
2076.000 4.971
2077.000 5.187
2078.000 5.457
2079.000 5.777
2080.000 6.111
2081.000 6.460
2082.000 6.850
2083.000 7.402
2084.000 7.866
2085.000 8.121
2086.000 8.629
2087.000 9.186
2088.000 9.647
2089.000 10.059
2090.000 10.347
2091.000 10.503
2092.000 10.458
2093.000 10.165
2094.000 9.669
2095.000 9.153
2096.000 8.515
2097.000 7.807
2098.000 7.455
2099.000 6.844
2100.000 6.311
2101.000 5.645
2102.000 5.266
2103.000 4.870
2104.000 4.547
2105.000 4.225
2106.000 3.931
2107.000 3.703
2108.000 3.446
2109.000 3.336
2110.000 3.172
2111.000 2.964
2112.000 2.828
2113.000 2.665
2114.000 2.502
2115.000 2.436
2116.000 2.289
2117.000 2.164
2118.000 2.111
2119.000 1.983
2120.000 1.934
2121.000 1.884
2122.000 1.771
2123.000 1.700
2124.000 1.638
2125.000 1.579
2126.000 1.480
2127.000 1.431
2128.000 1.377
2129.000 1.330
2130.000 1.282
2131.000 1.200
2132.000 1.169
2133.000 1.121
2134.000 1.101
2135.000 1.062
2136.000 0.999
2137.000 0.965
2138.000 1.043
2139.000 0.910
2140.000 0.897
2141.000 0.861
2142.000 0.809
2143.000 0.787
2144.000 0.755
2145.000 0.727
2146.000 0.713
2147.000 0.687
2148.000 0.668
2149.000 0.632
2150.000 0.613
2151.000 0.590
2152.000 0.561
2153.000 0.548
2154.000 0.524
2155.000 0.516
2156.000 0.451
2157.000 0.455
2158.000 0.433
2159.000 0.430
2160.000 0.412
2161.000 0.385
2162.000 0.373
2163.000 0.347
2164.000 0.334
2165.000 0.317
2166.000 0.299
2167.000 0.284
2168.000 0.269
2169.000 0.242
2170.000 0.235
2171.000 0.210
2172.000 0.240
2173.000 0.203
2174.000 0.174
2175.000 0.164
2176.000 0.145
2177.000 0.194
2178.000 0.124
2179.000 0.120
2180.000 0.102
2181.000 0.104
2182.000 0.121
2183.000 0.077
2184.000 0.067
2185.000 0.075
2186.000 0.070
2187.000 0.073
2188.000 0.079
2189.000 0.084
2190.000 0.091
2191.000 0.107
2192.000 0.116
2193.000 0.130
2194.000 0.160
2195.000 0.164
2196.000 0.172
2197.000 0.186
2198.000 0.190
2199.000 0.205
2200.000 0.211
2201.000 0.241
2202.000 0.258
2203.000 0.286
2204.000 0.296
2205.000 0.309
2206.000 0.306
2207.000 0.333
2208.000 0.351
2209.000 0.359
2210.000 0.382
2211.000 0.411
2212.000 0.431
2213.000 0.448
2214.000 0.461
2215.000 0.486
2216.000 0.507
2217.000 0.546
2218.000 0.559
2219.000 0.571
2220.000 0.587
2221.000 0.612
2222.000 0.567
2223.000 0.663
2224.000 0.715
2225.000 0.730
2226.000 0.753
2227.000 0.801
2228.000 0.852
2229.000 0.853
2230.000 0.907
2231.000 0.894
2232.000 0.961
2233.000 1.024
2234.000 1.041
2235.000 1.103
2236.000 1.170
2237.000 1.202
2238.000 1.270
2239.000 1.363
2240.000 1.382
2241.000 1.509
2242.000 1.590
2243.000 1.654
2244.000 1.706
2245.000 1.827
2246.000 1.938
2247.000 2.091
2248.000 2.217
2249.000 2.375
2250.000 2.546
2251.000 2.746
2252.000 2.939
2253.000 3.205
2254.000 3.476
2255.000 3.774
2256.000 3.922
2257.000 4.267
2258.000 4.643
2259.000 4.956
2260.000 5.300
2261.000 5.600
2262.000 5.774
2263.000 5.844
2264.000 5.766
2265.000 5.515
2266.000 5.210
2267.000 5.045
2268.000 4.684
2269.000 4.298
2270.000 3.968
2271.000 3.649
2272.000 3.404
2273.000 3.123
2274.000 2.945
2275.000 2.773
2276.000 2.589
2277.000 2.447
2278.000 2.284
2279.000 2.205
2280.000 2.171
2281.000 2.056
2282.000 1.953
2283.000 1.814
2284.000 1.802
2285.000 1.721
2286.000 1.657
2287.000 1.579
2288.000 1.535
2289.000 1.500
2290.000 1.444
2291.000 1.378
2292.000 1.376
2293.000 1.335
2294.000 1.285
2295.000 1.249
2296.000 1.200
2297.000 1.177
2298.000 1.151
2299.000 1.115
2300.000 1.098
2301.000 1.094
2302.000 1.051
2303.000 1.026
2304.000 1.006
2305.000 0.998
2306.000 0.955
2307.000 0.947
2308.000 0.923
2309.000 0.894
2310.000 0.905
2311.000 0.884
2312.000 0.842
2313.000 0.845
2314.000 0.824
2315.000 0.810
2316.000 0.801
2317.000 0.791
2318.000 0.769
2319.000 0.738
2320.000 0.750
2321.000 0.740
2322.000 0.709
2323.000 0.718
2324.000 0.695
2325.000 0.690
2326.000 0.676
2327.000 0.671
2328.000 0.663
2329.000 0.649
2330.000 0.632
2331.000 0.649
2332.000 0.627
2333.000 0.613
2334.000 0.612
2335.000 0.592
2336.000 0.590
2337.000 0.570
2338.000 0.575
2339.000 0.549
2340.000 0.569
2341.000 0.558
2342.000 0.546
2343.000 0.551
2344.000 0.538
2345.000 0.537
2346.000 0.519
2347.000 0.526
2348.000 0.511
2349.000 0.506
2350.000 0.493
2351.000 0.487
2352.000 0.482
2353.000 0.481
2354.000 0.482
2355.000 0.484
2356.000 0.472
2357.000 0.464
2358.000 0.469
2359.000 0.457
2360.000 0.451
2361.000 0.454
2362.000 0.443
2363.000 0.436
2364.000 0.439
2365.000 0.443
2366.000 0.431
2367.000 0.421
2368.000 0.425
2369.000 0.414
2370.000 0.406
2371.000 0.409
2372.000 0.408
2373.000 0.407
2374.000 0.402
2375.000 0.396
2376.000 0.384
2377.000 0.387
2378.000 0.392
2379.000 0.386
2380.000 0.379
2381.000 0.377
2382.000 0.371
2383.000 0.370
2384.000 0.369
2385.000 0.362
2386.000 0.355
2387.000 0.358
2388.000 0.356
2389.000 0.353
2390.000 0.356
2391.000 0.349
2392.000 0.350
2393.000 0.353
2394.000 0.337
2395.000 0.334
2396.000 0.329
2397.000 0.331
2398.000 0.326
2399.000 0.324
2400.000 0.328
2401.000 0.330
2402.000 0.320
2403.000 0.434
2404.000 0.326
2405.000 0.306
2406.000 0.312
2407.000 0.306
2408.000 0.306
2409.000 0.312
2410.000 0.301
2411.000 0.302
2412.000 0.307
2413.000 0.305
2414.000 0.299
2415.000 0.298
2416.000 0.297
2417.000 0.294
2418.000 0.296
2419.000 0.292
2420.000 0.287
2421.000 0.291
2422.000 0.283
2423.000 0.287
2424.000 0.284
2425.000 0.286
2426.000 0.286
2427.000 0.287
2428.000 0.289
2429.000 0.278
2430.000 0.278
2431.000 0.273
2432.000 0.274
2433.000 0.280
2434.000 0.275
2435.000 0.266
2436.000 0.264
2437.000 0.263
2438.000 0.267
2439.000 0.273
2440.000 0.263
2441.000 0.266
2442.000 0.258
2443.000 0.255
2444.000 0.266
2445.000 0.261
2446.000 0.256
2447.000 0.257
2448.000 0.257
2449.000 0.250
2450.000 0.259
2451.000 0.248
2452.000 0.246
2453.000 0.253
2454.000 0.251
2455.000 0.250
2456.000 0.241
2457.000 0.242
2458.000 0.244
2459.000 0.247
2460.000 0.242
2461.000 0.241
2462.000 0.232
2463.000 0.242
2464.000 0.249
2465.000 0.240
2466.000 0.236
2467.000 0.238
2468.000 0.236
2469.000 0.245
2470.000 0.239
2471.000 0.250
2472.000 0.243
2473.000 0.238
2474.000 0.239
2475.000 0.244
2476.000 0.242
2477.000 0.234
2478.000 0.237
2479.000 0.232
2480.000 0.239
2481.000 0.237
2482.000 0.237
2483.000 0.240
2484.000 0.232
2485.000 0.237
2486.000 0.242
2487.000 0.230
2488.000 0.243
2489.000 0.237
2490.000 0.227
2491.000 0.230
2492.000 0.248
2493.000 0.241
2494.000 0.240
2495.000 0.224
2496.000 0.233
2497.000 0.223
2498.000 0.227
2499.000 0.231
2500.000 0.223
2501.000 0.232
2502.000 0.235
2503.000 0.230
2504.000 0.230
2505.000 0.228
2506.000 0.234
2507.000 0.230
2508.000 0.234
2509.000 0.234
2510.000 0.231
2511.000 0.234
2512.000 0.224
2513.000 0.232
2514.000 0.233
2515.000 0.226
2516.000 0.229
2517.000 0.234
2518.000 0.232
2519.000 0.232
2520.000 0.230
2521.000 0.236
2522.000 0.236
2523.000 0.247
2524.000 0.234
2525.000 0.236
2526.000 0.236
2527.000 0.226
2528.000 0.232
2529.000 0.238
2530.000 0.238
2531.000 0.229
2532.000 0.240
2533.000 0.242
2534.000 0.244
2535.000 0.232
2536.000 0.231
2537.000 0.234
2538.000 0.241
2539.000 0.239
2540.000 0.237
2541.000 0.238
2542.000 0.238
2543.000 0.237
2544.000 0.233
2545.000 0.237
2546.000 0.240
2547.000 0.239
2548.000 0.239
2549.000 0.240
2550.000 0.243
2551.000 0.243
2552.000 0.249
2553.000 0.244
2554.000 0.240
2555.000 0.242
2556.000 0.238
2557.000 0.241
2558.000 0.240
2559.000 0.247
2560.000 0.246
2561.000 0.252
2562.000 0.254
2563.000 0.245
2564.000 0.244
2565.000 0.254
2566.000 0.250
2567.000 0.257
2568.000 0.248
2569.000 0.249
2570.000 0.259
2571.000 0.253
2572.000 0.255
2573.000 0.257
2574.000 0.250
2575.000 0.253
2576.000 0.256
2577.000 0.262
2578.000 0.251
2579.000 0.267
2580.000 0.265
2581.000 0.264
2582.000 0.258
2583.000 0.265
2584.000 0.260
2585.000 0.256
2586.000 0.262
2587.000 0.259
2588.000 0.269
2589.000 0.269
2590.000 0.274
2591.000 0.266
2592.000 0.267
2593.000 0.276
2594.000 0.267
2595.000 0.270
2596.000 0.272
2597.000 0.272
2598.000 0.268
2599.000 0.277
2600.000 0.283
