1801.000 0.663
1802.000 0.663
1803.000 0.675
1804.000 0.671
1805.000 0.661
1806.000 0.695
1807.000 0.672
1808.000 0.690
1809.000 0.691
1810.000 0.700
1811.000 0.694
1812.000 0.697
1813.000 0.697
1814.000 0.711
1815.000 0.722
1816.000 0.711
1817.000 0.713
1818.000 0.733
1819.000 0.726
1820.000 0.738
1821.000 0.733
1822.000 0.744
1823.000 0.727
1824.000 0.754
1825.000 0.761
1826.000 0.754
1827.000 0.753
1828.000 0.751
1829.000 0.751
1830.000 0.776
1831.000 0.777
1832.000 0.800
1833.000 0.788
1834.000 0.787
1835.000 0.806
1836.000 0.782
1837.000 0.811
1838.000 0.799
1839.000 0.825
1840.000 0.796
1841.000 0.818
1842.000 0.827
1843.000 0.818
1844.000 0.807
1845.000 0.819
1846.000 0.821
1847.000 0.837
1848.000 0.844
1849.000 0.838
1850.000 0.839
1851.000 0.878
1852.000 0.833
1853.000 0.873
1854.000 0.862
1855.000 0.852
1856.000 0.882
1857.000 0.874
1858.000 0.854
1859.000 0.839
1860.000 0.863
1861.000 0.866
1862.000 0.903
1863.000 0.873
1864.000 0.883
1865.000 0.894
1866.000 0.909
1867.000 0.868
1868.000 0.933
1869.000 0.892
1870.000 0.920
1871.000 0.930
1872.000 0.888
1873.000 0.897
1874.000 0.910
1875.000 0.904
1876.000 0.907
1877.000 0.962
1878.000 0.969
1879.000 0.933
1880.000 0.925
1881.000 0.971
1882.000 0.950
1883.000 0.961
1884.000 0.959
1885.000 0.979
1886.000 0.927
1887.000 0.973
1888.000 0.974
1889.000 0.993
1890.000 0.979
1891.000 0.992
1892.000 0.995
1893.000 1.028
1894.000 0.992
1895.000 0.988
1896.000 0.941
1897.000 0.998
1898.000 0.970
1899.000 1.013
1900.000 0.976
1901.000 1.031
1902.000 1.000
1903.000 1.034
1904.000 1.026
1905.000 0.980
1906.000 0.972
1907.000 0.966
1908.000 0.989
1909.000 1.032
1910.000 1.074
1911.000 1.037
1912.000 0.984
1913.000 1.032
1914.000 0.989
1915.000 1.053
1916.000 1.009
1917.000 1.044
1918.000 1.087
1919.000 1.001
1920.000 1.017
1921.000 1.029
1922.000 1.021
1923.000 1.060
1924.000 1.008
1925.000 1.022
1926.000 1.056
1927.000 1.069
1928.000 1.114
1929.000 1.071
1930.000 1.089
1931.000 1.096
1932.000 1.110
1933.000 1.045
1934.000 1.097
1935.000 1.111
1936.000 1.106
1937.000 1.075
1938.000 1.101
1939.000 1.162
1940.000 1.105
1941.000 1.101
1942.000 1.049
1943.000 1.110
1944.000 1.147
1945.000 1.072
1946.000 1.151
1947.000 1.106
1948.000 1.181
1949.000 1.102
1950.000 1.114
1951.000 1.146
1952.000 1.157
1953.000 1.156
1954.000 1.156
1955.000 1.168
1956.000 1.170
1957.000 1.184
1958.000 1.163
1959.000 1.148
1960.000 1.149
1961.000 1.179
1962.000 1.179
1963.000 1.160
1964.000 1.193
1965.000 1.199
1966.000 1.125
1967.000 1.202
1968.000 1.236
1969.000 1.229
1970.000 1.209
1971.000 1.191
1972.000 1.242
1973.000 1.258
1974.000 1.233
1975.000 1.241
1976.000 1.224
1977.000 1.231
1978.000 1.260
1979.000 1.250
1980.000 1.248
1981.000 1.247
1982.000 1.238
1983.000 1.266
1984.000 1.277
1985.000 1.266
1986.000 1.307
1987.000 1.290
1988.000 1.294
1989.000 1.292
1990.000 1.314
1991.000 1.302
1992.000 1.346
1993.000 1.315
1994.000 1.358
1995.000 1.359
1996.000 1.382
1997.000 1.352
1998.000 1.393
1999.000 1.399
2000.000 1.421
2001.000 1.417
2002.000 1.434
2003.000 1.450
2004.000 1.432
2005.000 1.468
2006.000 1.466
2007.000 1.437
2008.000 1.480
2009.000 1.479
2010.000 1.453
2011.000 1.493
2012.000 1.526
2013.000 1.488
2014.000 1.532
2015.000 1.590
2016.000 1.549
2017.000 1.548
2018.000 1.567
2019.000 1.566
2020.000 1.595
2021.000 1.625
2022.000 1.665
2023.000 1.690
2024.000 1.681
2025.000 1.656
2026.000 1.748
2027.000 1.711
2028.000 1.774
2029.000 1.742
2030.000 1.774
2031.000 1.831
2032.000 1.837
2033.000 1.849
2034.000 1.837
2035.000 1.852
2036.000 1.894
2037.000 1.928
2038.000 1.920
2039.000 1.973
2040.000 2.017
2041.000 2.026
2042.000 2.033
2043.000 2.108
2044.000 2.109
2045.000 2.171
2046.000 2.227
2047.000 2.253
2048.000 2.261
2049.000 2.268
2050.000 2.349
2051.000 2.383
2052.000 2.439
2053.000 2.456
2054.000 2.616
2055.000 2.573
2056.000 2.588
2057.000 2.685
2058.000 2.763
2059.000 2.787
2060.000 2.862
2061.000 2.851
2062.000 3.034
2063.000 3.090
2064.000 3.212
2065.000 3.301
2066.000 3.404
2067.000 3.511
2068.000 3.653
2069.000 3.744
2070.000 3.946
2071.000 4.050
2072.000 4.154
2073.000 4.318
2074.000 4.501
2075.000 4.712
2076.000 4.955
2077.000 5.203
2078.000 5.542
2079.000 5.761
2080.000 6.130
2081.000 6.508
2082.000 6.994
2083.000 7.364
2084.000 3.908
2085.000 8.153
2086.000 8.600
2087.000 9.060
2088.000 9.585
2089.000 9.982
2090.000 5.063
2091.000 10.441
2092.000 10.378
2093.000 10.112
2094.000 9.633
2095.000 9.032
2096.000 8.383
2097.000 8.026
2098.000 7.431
2099.000 6.917
2100.000 6.126
2101.000 5.738
2102.000 5.234
2103.000 4.901
2104.000 4.559
2105.000 4.231
2106.000 3.975
2107.000 3.761
2108.000 3.504
2109.000 3.287
2110.000 3.183
2111.000 3.002
2112.000 2.811
2113.000 2.686
2114.000 2.541
2115.000 2.415
2116.000 2.330
2117.000 2.158
2118.000 2.071
2119.000 1.996
2120.000 1.897
2121.000 1.961
2122.000 1.765
2123.000 1.674
2124.000 1.625
2125.000 1.519
2126.000 1.469
2127.000 1.454
2128.000 1.361
2129.000 1.404
2130.000 1.249
2131.000 1.235
2132.000 1.210
2133.000 1.150
2134.000 1.122
2135.000 1.050
2136.000 1.015
2137.000 0.971
2138.000 0.932
2139.000 0.899
2140.000 0.829
2141.000 0.849
2142.000 0.809
2143.000 0.791
2144.000 0.739
2145.000 0.738
2146.000 0.713
2147.000 0.682
2148.000 0.654
2149.000 0.642
2150.000 0.590
2151.000 0.566
2152.000 0.539
2153.000 0.532
2154.000 0.509
2155.000 0.483
2156.000 0.471
2157.000 0.434
2158.000 0.456
2159.000 0.417
2160.000 0.669
2161.000 0.378
2162.000 0.340
2163.000 0.330
2164.000 0.334
2165.000 0.294
2166.000 0.291
2167.000 0.273
2168.000 0.261
2169.000 0.249
2170.000 0.225
2171.000 0.217
2172.000 0.204
2173.000 0.182
2174.000 0.161
2175.000 0.156
2176.000 0.131
2177.000 0.138
2178.000 0.112
2179.000 0.087
2180.000 0.089
2181.000 0.096
2182.000 0.066
2183.000 0.068
2184.000 0.058
2185.000 0.051
2186.000 0.063
2187.000 0.079
2188.000 0.080
2189.000 0.095
2190.000 0.100
2191.000 0.136
2192.000 0.142
2193.000 0.144
2194.000 0.155
2195.000 0.164
2196.000 0.181
2197.000 0.197
2198.000 0.211
2199.000 0.231
2200.000 0.235
2201.000 0.254
2202.000 0.272
2203.000 0.291
2204.000 0.328
2205.000 0.328
2206.000 0.346
2207.000 0.357
2208.000 0.378
2209.000 0.384
2210.000 0.396
2211.000 0.418
2212.000 0.433
2213.000 0.473
2214.000 0.492
2215.000 0.506
2216.000 0.524
2217.000 0.553
2218.000 0.557
2219.000 0.592
2220.000 0.608
2221.000 0.673
2222.000 0.700
2223.000 0.689
2224.000 0.725
2225.000 0.748
2226.000 0.786
2227.000 0.821
2228.000 0.903
2229.000 0.888
2230.000 0.886
2231.000 0.967
2232.000 0.995
2233.000 1.035
2234.000 1.108
2235.000 1.153
2236.000 1.216
2237.000 1.252
2238.000 1.329
2239.000 1.395
2240.000 1.472
2241.000 1.576
2242.000 1.657
2243.000 1.697
2244.000 1.763
2245.000 1.888
2246.000 2.015
2247.000 2.168
2248.000 2.290
2249.000 2.463
2250.000 2.625
2251.000 2.853
2252.000 3.076
2253.000 3.310
2254.000 3.593
2255.000 3.921
2256.000 4.042
2257.000 4.430
2258.000 4.798
2259.000 5.173
2260.000 5.488
2261.000 5.777
2262.000 5.952
2263.000 5.998
2264.000 5.885
2265.000 5.651
2266.000 5.311
2267.000 5.106
2268.000 4.700
2269.000 4.340
2270.000 3.979
2271.000 3.688
2272.000 3.373
2273.000 3.181
2274.000 2.976
2275.000 2.792
2276.000 2.610
2277.000 2.467
2278.000 2.333
2279.000 2.282
2280.000 2.176
2281.000 2.062
2282.000 2.002
2283.000 1.902
2284.000 1.821
2285.000 1.726
2286.000 1.679
2287.000 1.621
2288.000 1.577
2289.000 1.492
2290.000 1.452
2291.000 1.412
2292.000 1.391
2293.000 1.337
2294.000 1.308
2295.000 1.274
2296.000 1.213
2297.000 1.222
2298.000 1.204
2299.000 1.134
2300.000 1.118
2301.000 1.099
2302.000 1.050
2303.000 1.030
2304.000 1.023
2305.000 1.012
2306.000 0.988
2307.000 0.962
2308.000 0.946
2309.000 0.916
2310.000 0.886
2311.000 0.881
2312.000 0.871
2313.000 0.846
2314.000 0.856
2315.000 0.820
2316.000 0.824
2317.000 0.798
2318.000 0.774
2319.000 0.768
2320.000 0.755
2321.000 0.746
2322.000 0.732
2323.000 0.728
2324.000 0.710
2325.000 0.701
2326.000 0.701
2327.000 0.677
2328.000 0.676
2329.000 0.657
2330.000 0.651
2331.000 0.615
2332.000 0.603
2333.000 0.625
2334.000 0.608
2335.000 0.605
2336.000 0.596
2337.000 0.596
2338.000 0.606
2339.000 0.581
2340.000 0.574
2341.000 0.563
2342.000 0.553
2343.000 0.555
2344.000 0.549
2345.000 0.533
2346.000 0.533
2347.000 0.525
2348.000 0.526
2349.000 0.514
2350.000 0.502
2351.000 0.506
2352.000 0.498
2353.000 0.486
2354.000 0.491
2355.000 0.479
2356.000 0.470
2357.000 0.474
2358.000 0.473
2359.000 0.476
2360.000 0.461
2361.000 0.455
2362.000 0.449
2363.000 0.438
2364.000 0.437
2365.000 0.445
2366.000 0.433
2367.000 0.436
2368.000 0.421
2369.000 0.422
2370.000 0.417
2371.000 0.414
2372.000 0.413
2373.000 0.410
2374.000 0.411
2375.000 0.403
2376.000 0.403
2377.000 0.396
2378.000 0.393
2379.000 0.398
2380.000 0.380
2381.000 0.376
2382.000 0.385
2383.000 0.382
2384.000 0.375
2385.000 0.375
2386.000 0.373
2387.000 0.376
2388.000 0.360
2389.000 0.361
2390.000 0.361
2391.000 0.363
2392.000 0.356
2393.000 0.344
2394.000 0.343
2395.000 0.338
2396.000 0.348
2397.000 0.343
2398.000 0.342
2399.000 0.330
2400.000 0.339
2401.000 0.331
2402.000 0.335
2403.000 0.333
2404.000 0.317
2405.000 0.336
2406.000 0.318
2407.000 0.309
2408.000 0.325
2409.000 0.326
2410.000 0.329
2411.000 0.306
2412.000 0.308
2413.000 0.316
2414.000 0.306
2415.000 0.305
2416.000 0.304
2417.000 0.300
2418.000 0.302
2419.000 0.294
2420.000 0.298
2421.000 0.294
2422.000 0.289
2423.000 0.285
2424.000 0.301
2425.000 0.280
2426.000 0.289
2427.000 0.278
2428.000 0.279
2429.000 0.288
2430.000 0.274
2431.000 0.274
2432.000 0.282
2433.000 0.275
2434.000 0.281
2435.000 0.282
2436.000 0.278
2437.000 0.269
2438.000 0.267
2439.000 0.263
2440.000 0.265
2441.000 0.269
2442.000 0.263
2443.000 0.266
2444.000 0.260
2445.000 0.263
2446.000 0.263
2447.000 0.268
2448.000 0.260
2449.000 0.262
2450.000 0.262
2451.000 0.261
2452.000 0.257
2453.000 0.260
2454.000 0.260
2455.000 0.249
2456.000 0.266
2457.000 0.257
2458.000 0.255
2459.000 0.251
2460.000 0.258
2461.000 0.258
2462.000 0.242
2463.000 0.250
2464.000 0.254
2465.000 0.253
2466.000 0.251
2467.000 0.249
2468.000 0.250
2469.000 0.252
2470.000 0.242
2471.000 0.245
2472.000 0.245
2473.000 0.241
2474.000 0.246
2475.000 0.244
2476.000 0.242
2477.000 0.244
2478.000 0.242
2479.000 0.239
2480.000 0.245
2481.000 0.232
2482.000 0.243
2483.000 0.251
2484.000 0.238
2485.000 0.254
2486.000 0.241
2487.000 0.243
2488.000 0.237
2489.000 0.237
2490.000 0.242
2491.000 0.238
2492.000 0.238
2493.000 0.235
2494.000 0.243
2495.000 0.232
2496.000 0.229
2497.000 0.234
2498.000 0.238
2499.000 0.235
2500.000 0.237
2501.000 0.240
2502.000 0.238
2503.000 0.235
2504.000 0.244
2505.000 0.240
2506.000 0.234
2507.000 0.238
2508.000 0.243
2509.000 0.239
2510.000 0.245
2511.000 0.229
2512.000 0.233
2513.000 0.234
2514.000 0.229
2515.000 0.236
2516.000 0.234
2517.000 0.238
2518.000 0.233
2519.000 0.242
2520.000 0.244
2521.000 0.234
2522.000 0.232
2523.000 0.236
2524.000 0.239
2525.000 0.244
2526.000 0.246
2527.000 0.237
2528.000 0.241
2529.000 0.239
2530.000 0.246
2531.000 0.250
2532.000 0.246
2533.000 0.240
2534.000 0.249
2535.000 0.234
2536.000 0.243
2537.000 0.237
2538.000 0.247
2539.000 0.246
2540.000 0.248
2541.000 0.237
2542.000 0.243
2543.000 0.236
2544.000 0.246
2545.000 0.249
2546.000 0.247
2547.000 0.243
2548.000 0.237
2549.000 0.244
2550.000 0.250
2551.000 0.250
2552.000 0.243
2553.000 0.255
2554.000 0.248
2555.000 0.248
2556.000 0.251
2557.000 0.247
2558.000 0.251
2559.000 0.255
2560.000 0.253
2561.000 0.249
2562.000 0.228
2563.000 0.259
2564.000 0.248
2565.000 0.251
2566.000 0.255
2567.000 0.251
2568.000 0.258
2569.000 0.257
2570.000 0.257
2571.000 0.249
2572.000 0.255
2573.000 0.262
2574.000 0.262
2575.000 0.261
2576.000 0.258
2577.000 0.256
2578.000 0.268
2579.000 0.263
2580.000 0.257
2581.000 0.263
2582.000 0.265
2583.000 0.276
2584.000 0.272
2585.000 0.262
2586.000 0.276
2587.000 0.269
2588.000 0.274
2589.000 0.268
2590.000 0.267
2591.000 0.259
2592.000 0.273
2593.000 0.277
2594.000 0.281
2595.000 0.280
2596.000 0.272
2597.000 0.282
2598.000 0.278
2599.000 0.287
2600.000 0.277
