1801.000 0.657
1802.000 0.661
1803.000 0.655
1804.000 0.666
1805.000 0.684
1806.000 0.670
1807.000 0.676
1808.000 0.688
1809.000 0.675
1810.000 0.690
1811.000 0.706
1812.000 0.697
1813.000 0.703
1814.000 0.723
1815.000 0.720
1816.000 0.703
1817.000 0.726
1818.000 0.719
1819.000 0.753
1820.000 0.737
1821.000 0.732
1822.000 0.744
1823.000 0.755
1824.000 0.743
1825.000 0.753
1826.000 0.768
1827.000 0.770
1828.000 0.771
1829.000 0.769
1830.000 0.762
1831.000 0.788
1832.000 0.792
1833.000 0.786
1834.000 0.792
1835.000 0.787
1836.000 0.789
1837.000 0.796
1838.000 0.813
1839.000 0.807
1840.000 0.804
1841.000 0.813
1842.000 0.813
1843.000 0.816
1844.000 0.831
1845.000 0.817
1846.000 0.822
1847.000 0.846
1848.000 0.835
1849.000 0.847
1850.000 0.849
1851.000 0.844
1852.000 0.851
1853.000 0.846
1854.000 0.848
1855.000 0.874
1856.000 0.868
1857.000 0.868
1858.000 0.864
1859.000 0.880
1860.000 0.887
1861.000 0.901
1862.000 0.895
1863.000 0.882
1864.000 0.892
1865.000 0.916
1866.000 0.917
1867.000 0.916
1868.000 0.906
1869.000 0.898
1870.000 0.902
1871.000 0.912
1872.000 0.917
1873.000 0.936
1874.000 0.928
1875.000 0.934
1876.000 0.941
1877.000 0.936
1878.000 0.937
1879.000 0.941
1880.000 0.957
1881.000 0.952
1882.000 0.966
1883.000 0.957
1884.000 0.970
1885.000 0.944
1886.000 0.950
1887.000 0.966
1888.000 0.964
1889.000 0.987
1890.000 0.960
1891.000 0.966
1892.000 0.968
1893.000 0.993
1894.000 0.986
1895.000 0.989
1896.000 0.970
1897.000 0.997
1898.000 0.996
1899.000 0.999
1900.000 0.995
1901.000 0.997
1902.000 0.978
1903.000 1.000
1904.000 1.018
1905.000 1.001
1906.000 0.996
1907.000 1.032
1908.000 1.019
1909.000 1.014
1910.000 1.032
1911.000 1.004
1912.000 1.025
1913.000 1.014
1914.000 1.023
1915.000 1.048
1916.000 1.029
1917.000 1.028
1918.000 1.062
1919.000 1.035
1920.000 1.030
1921.000 1.063
1922.000 1.053
1923.000 1.047
1924.000 1.084
1925.000 1.053
1926.000 1.060
1927.000 1.063
1928.000 1.063
1929.000 1.069
1930.000 1.097
1931.000 1.080
1932.000 1.129
1933.000 1.123
1934.000 1.103
1935.000 1.095
1936.000 1.100
1937.000 1.132
1938.000 1.108
1939.000 1.113
1940.000 1.134
1941.000 1.110
1942.000 1.126
1943.000 1.129
1944.000 1.156
1945.000 1.111
1946.000 1.103
1947.000 1.141
1948.000 1.149
1949.000 1.140
1950.000 1.152
1951.000 1.152
1952.000 1.138
1953.000 1.158
1954.000 1.138
1955.000 1.168
1956.000 1.181
1957.000 1.159
1958.000 1.181
1959.000 1.180
1960.000 1.181
1961.000 1.166
1962.000 1.234
1963.000 1.189
1964.000 1.203
1965.000 1.210
1966.000 1.152
1967.000 1.199
1968.000 1.231
1969.000 1.211
1970.000 1.208
1971.000 1.194
1972.000 1.204
1973.000 1.255
1974.000 1.281
1975.000 1.265
1976.000 1.206
1977.000 1.264
1978.000 1.194
1979.000 1.287
1980.000 1.257
1981.000 1.298
1982.000 1.269
1983.000 1.242
1984.000 1.253
1985.000 1.287
1986.000 1.283
1987.000 1.312
1988.000 1.330
1989.000 1.260
1990.000 1.294
1991.000 1.370
1992.000 1.316
1993.000 1.314
1994.000 1.374
1995.000 1.321
1996.000 1.385
1997.000 1.366
1998.000 1.348
1999.000 1.397
2000.000 1.378
2001.000 1.423
2002.000 1.438
2003.000 1.455
2004.000 1.459
2005.000 1.424
2006.000 1.410
2007.000 1.504
2008.000 1.501
2009.000 1.459
2010.000 1.508
2011.000 1.495
2012.000 1.561
2013.000 1.508
2014.000 1.511
2015.000 1.583
2016.000 1.592
2017.000 1.583
2018.000 1.597
2019.000 1.634
2020.000 1.641
2021.000 1.658
2022.000 1.653
2023.000 1.656
2024.000 1.670
2025.000 1.709
2026.000 1.708
2027.000 1.752
2028.000 1.695
2029.000 1.775
2030.000 1.789
2031.000 1.772
2032.000 1.772
2033.000 1.851
2034.000 1.900
2035.000 1.932
2036.000 1.927
2037.000 1.919
2038.000 1.951
2039.000 1.926
2040.000 1.989
2041.000 2.039
2042.000 2.039
2043.000 2.080
2044.000 2.130
2045.000 2.154
2046.000 2.207
2047.000 2.241
2048.000 2.275
2049.000 2.308
2050.000 2.374
2051.000 2.404
2052.000 2.433
2053.000 2.467
2054.000 2.490
2055.000 2.594
2056.000 2.595
2057.000 2.670
2058.000 2.788
2059.000 2.856
2060.000 2.901
2061.000 2.968
2062.000 3.024
2063.000 3.166
2064.000 3.202
2065.000 3.293
2066.000 3.375
2067.000 3.484
2068.000 3.545
2069.000 3.426
2070.000 3.909
2071.000 4.002
2072.000 4.288
2073.000 4.401
2074.000 4.596
2075.000 4.750
2076.000 4.915
2077.000 5.200
2078.000 5.522
2079.000 5.834
2080.000 5.909
2081.000 6.460
2082.000 6.873
2083.000 7.251
2084.000 7.703
2085.000 8.215
2086.000 8.748
2087.000 9.245
2088.000 9.496
2089.000 9.936
2090.000 10.249
2091.000 10.408
2092.000 10.307
2093.000 10.073
2094.000 9.631
2095.000 9.006
2096.000 8.365
2097.000 7.773
2098.000 7.116
2099.000 6.511
2100.000 6.214
2101.000 5.857
2102.000 5.322
2103.000 4.924
2104.000 4.575
2105.000 4.254
2106.000 3.953
2107.000 3.729
2108.000 3.540
2109.000 3.272
2110.000 3.066
2111.000 2.945
2112.000 2.814
2113.000 2.691
2114.000 2.533
2115.000 2.410
2116.000 2.429
2117.000 2.158
2118.000 2.069
2119.000 1.967
2120.000 1.909
2121.000 1.815
2122.000 1.749
2123.000 1.709
2124.000 1.625
2125.000 1.561
2126.000 1.506
2127.000 1.392
2128.000 1.375
2129.000 1.324
2130.000 1.270
2131.000 1.214
2132.000 1.173
2133.000 1.126
2134.000 1.053
2135.000 0.995
2136.000 1.027
2137.000 0.985
2138.000 0.942
2139.000 0.908
2140.000 0.894
2141.000 0.841
2142.000 0.817
2143.000 0.763
2144.000 0.742
2145.000 0.720
2146.000 0.681
2147.000 0.661
2148.000 0.617
2149.000 0.608
2150.000 0.605
2151.000 0.553
2152.000 0.538
2153.000 0.517
2154.000 0.509
2155.000 0.484
2156.000 0.477
2157.000 0.440
2158.000 0.409
2159.000 0.394
2160.000 0.376
2161.000 0.354
2162.000 0.353
2163.000 0.327
2164.000 0.326
2165.000 0.301
2166.000 0.284
2167.000 0.259
2168.000 0.246
2169.000 0.243
2170.000 0.214
2171.000 0.218
2172.000 0.178
2173.000 0.296
2174.000 0.173
2175.000 0.150
2176.000 0.132
2177.000 0.104
2178.000 0.125
2179.000 0.104
2180.000 0.080
2181.000 0.082
2182.000 0.071
2183.000 0.057
2184.000 0.063
2185.000 0.065
2186.000 0.075
2187.000 0.088
2188.000 0.088
2189.000 0.100
2190.000 0.106
2191.000 0.118
2192.000 0.126
2193.000 0.152
2194.000 0.165
2195.000 0.174
2196.000 0.197
2197.000 0.204
2198.000 0.229
2199.000 0.238
2200.000 0.249
2201.000 0.265
2202.000 0.271
2203.000 0.295
2204.000 0.322
2205.000 0.331
2206.000 0.349
2207.000 0.360
2208.000 0.385
2209.000 0.392
2210.000 0.407
2211.000 0.446
2212.000 0.459
2213.000 0.485
2214.000 0.497
2215.000 0.520
2216.000 0.545
2217.000 0.558
2218.000 0.568
2219.000 0.624
2220.000 0.618
2221.000 0.675
2222.000 0.694
2223.000 0.711
2224.000 0.761
2225.000 0.763
2226.000 0.791
2227.000 0.847
2228.000 0.873
2229.000 0.922
2230.000 0.949
2231.000 1.003
2232.000 1.045
2233.000 1.106
2234.000 1.125
2235.000 1.173
2236.000 1.210
2237.000 1.300
2238.000 1.341
2239.000 1.402
2240.000 1.500
2241.000 1.555
2242.000 1.666
2243.000 1.746
2244.000 1.881
2245.000 1.977
2246.000 2.033
2247.000 2.176
2248.000 2.332
2249.000 2.505
2250.000 2.687
2251.000 2.879
2252.000 3.167
2253.000 3.286
2254.000 3.657
2255.000 3.891
2256.000 4.208
2257.000 4.560
2258.000 4.939
2259.000 5.128
2260.000 5.534
2261.000 5.761
2262.000 5.936
2263.000 6.029
2264.000 5.991
2265.000 5.742
2266.000 5.425
2267.000 5.038
2268.000 4.673
2269.000 4.292
2270.000 3.951
2271.000 3.839
2272.000 3.528
2273.000 3.244
2274.000 3.071
2275.000 2.865
2276.000 2.684
2277.000 2.526
2278.000 2.404
2279.000 2.179
2280.000 2.182
2281.000 2.037
2282.000 2.027
2283.000 1.928
2284.000 1.861
2285.000 1.853
2286.000 1.681
2287.000 1.773
2288.000 1.541
2289.000 1.560
2290.000 1.510
2291.000 1.437
2292.000 1.382
2293.000 1.375
2294.000 1.306
2295.000 1.300
2296.000 1.274
2297.000 1.197
2298.000 1.158
2299.000 1.178
2300.000 1.143
2301.000 1.114
2302.000 1.103
2303.000 1.039
2304.000 1.054
2305.000 0.998
2306.000 0.981
2307.000 0.958
2308.000 0.963
2309.000 0.942
2310.000 0.926
2311.000 0.888
2312.000 0.879
2313.000 0.853
2314.000 0.843
2315.000 0.836
2316.000 0.822
2317.000 0.791
2318.000 0.796
2319.000 0.779
2320.000 0.763
2321.000 0.743
2322.000 0.770
2323.000 0.732
2324.000 0.756
2325.000 0.705
2326.000 0.670
2327.000 0.733
2328.000 0.666
2329.000 0.665
2330.000 0.664
2331.000 0.635
2332.000 0.661
2333.000 0.671
2334.000 0.628
2335.000 0.611
2336.000 0.606
2337.000 0.598
2338.000 0.591
2339.000 0.571
2340.000 0.576
2341.000 0.560
2342.000 0.564
2343.000 0.551
2344.000 0.556
2345.000 0.540
2346.000 0.530
2347.000 0.527
2348.000 0.518
2349.000 0.534
2350.000 0.511
2351.000 0.520
2352.000 0.506
2353.000 0.487
2354.000 0.495
2355.000 0.482
2356.000 0.481
2357.000 0.477
2358.000 0.471
2359.000 0.473
2360.000 0.479
2361.000 0.452
2362.000 0.450
2363.000 0.474
2364.000 0.439
2365.000 0.442
2366.000 0.428
2367.000 0.436
2368.000 0.430
2369.000 0.450
2370.000 0.426
2371.000 0.423
2372.000 0.407
2373.000 0.415
2374.000 0.410
2375.000 0.404
2376.000 0.398
2377.000 0.400
2378.000 0.392
2379.000 0.394
2380.000 0.386
2381.000 0.381
2382.000 0.393
2383.000 0.383
2384.000 0.369
2385.000 0.376
2386.000 0.369
2387.000 0.366
2388.000 0.370
2389.000 0.367
2390.000 0.363
2391.000 0.379
2392.000 0.356
2393.000 0.353
2394.000 0.355
2395.000 0.354
2396.000 0.349
2397.000 0.346
2398.000 0.350
2399.000 0.336
2400.000 0.336
2401.000 0.335
2402.000 0.328
2403.000 0.324
2404.000 0.327
2405.000 0.335
2406.000 0.324
2407.000 0.323
2408.000 0.320
2409.000 0.319
2410.000 0.321
2411.000 0.316
2412.000 0.304
2413.000 0.316
2414.000 0.314
2415.000 0.303
2416.000 0.310
2417.000 0.304
2418.000 0.301
2419.000 0.299
2420.000 0.307
2421.000 0.292
2422.000 0.292
2423.000 0.297
2424.000 0.288
2425.000 0.278
2426.000 0.301
2427.000 0.293
2428.000 0.292
2429.000 0.296
2430.000 0.285
2431.000 0.277
2432.000 0.283
2433.000 0.300
2434.000 0.283
2435.000 0.286
2436.000 0.276
2437.000 0.278
2438.000 0.289
2439.000 0.273
2440.000 0.275
2441.000 0.274
2442.000 0.273
2443.000 0.267
2444.000 0.269
2445.000 0.267
2446.000 0.269
2447.000 0.267
2448.000 0.271
2449.000 0.260
2450.000 0.258
2451.000 0.261
2452.000 0.258
2453.000 0.258
2454.000 0.259
2455.000 0.258
2456.000 0.252
2457.000 0.262
2458.000 0.256
2459.000 0.246
2460.000 0.251
2461.000 0.261
2462.000 0.245
2463.000 0.257
2464.000 0.257
2465.000 0.252
2466.000 0.256
2467.000 0.254
2468.000 0.253
2469.000 0.249
2470.000 0.257
2471.000 0.246
2472.000 0.254
2473.000 0.243
2474.000 0.252
2475.000 0.244
2476.000 0.242
2477.000 0.247
2478.000 0.256
2479.000 0.252
2480.000 0.241
2481.000 0.246
2482.000 0.240
2483.000 0.247
2484.000 0.241
2485.000 0.245
2486.000 0.235
2487.000 0.242
2488.000 0.241
2489.000 0.234
2490.000 0.244
2491.000 0.251
2492.000 0.238
2493.000 0.242
2494.000 0.234
2495.000 0.243
2496.000 0.240
2497.000 0.248
2498.000 0.237
2499.000 0.239
2500.000 0.239
2501.000 0.242
2502.000 0.244
2503.000 0.242
2504.000 0.234
2505.000 0.238
2506.000 0.240
2507.000 0.237
2508.000 0.250
2509.000 0.245
2510.000 0.229
2511.000 0.247
2512.000 0.248
2513.000 0.240
2514.000 0.234
2515.000 0.240
2516.000 0.243
2517.000 0.243
2518.000 0.241
2519.000 0.230
2520.000 0.232
2521.000 0.238
2522.000 0.237
2523.000 0.239
2524.000 0.239
2525.000 0.236
2526.000 0.245
2527.000 0.242
2528.000 0.240
2529.000 0.237
2530.000 0.250
2531.000 0.246
2532.000 0.232
2533.000 0.247
2534.000 0.242
2535.000 0.247
2536.000 0.238
2537.000 0.250
2538.000 0.256
2539.000 0.245
2540.000 0.241
2541.000 0.245
2542.000 0.239
2543.000 0.243
2544.000 0.246
2545.000 0.241
2546.000 0.244
2547.000 0.251
2548.000 0.247
2549.000 0.255
2550.000 0.250
2551.000 0.250
2552.000 0.245
2553.000 0.252
2554.000 0.251
2555.000 0.249
2556.000 0.251
2557.000 0.258
2558.000 0.258
2559.000 0.252
2560.000 0.251
2561.000 0.252
2562.000 0.265
2563.000 0.250
2564.000 0.254
2565.000 0.259
2566.000 0.259
2567.000 0.262
2568.000 0.262
2569.000 0.259
2570.000 0.268
2571.000 0.256
2572.000 0.265
2573.000 0.262
2574.000 0.263
2575.000 0.264
2576.000 0.263
2577.000 0.268
2578.000 0.271
2579.000 0.258
2580.000 0.269
2581.000 0.264
2582.000 0.261
2583.000 0.273
2584.000 0.268
2585.000 0.265
2586.000 0.282
2587.000 0.273
2588.000 0.265
2589.000 0.277
2590.000 0.276
2591.000 0.280
2592.000 0.281
2593.000 0.278
2594.000 0.284
2595.000 0.281
2596.000 0.278
2597.000 0.273
2598.000 0.281
2599.000 0.283
2600.000 0.272
