1801.000 0.657
1802.000 0.660
1803.000 0.653
1804.000 0.667
1805.000 0.686
1806.000 0.679
1807.000 0.686
1808.000 0.698
1809.000 0.684
1810.000 0.691
1811.000 0.692
1812.000 0.701
1813.000 0.708
1814.000 0.736
1815.000 0.722
1816.000 0.718
1817.000 0.730
1818.000 0.733
1819.000 0.748
1820.000 0.741
1821.000 0.739
1822.000 0.743
1823.000 0.762
1824.000 0.763
1825.000 0.761
1826.000 0.757
1827.000 0.759
1828.000 0.772
1829.000 0.777
1830.000 0.777
1831.000 0.768
1832.000 0.756
1833.000 0.792
1834.000 0.778
1835.000 0.790
1836.000 0.783
1837.000 0.804
1838.000 0.807
1839.000 0.799
1840.000 0.807
1841.000 0.801
1842.000 0.809
1843.000 0.808
1844.000 0.821
1845.000 0.820
1846.000 0.813
1847.000 0.838
1848.000 0.845
1849.000 0.823
1850.000 0.850
1851.000 0.828
1852.000 0.863
1853.000 0.853
1854.000 0.836
1855.000 0.851
1856.000 0.861
1857.000 0.861
1858.000 0.878
1859.000 0.878
1860.000 0.867
1861.000 0.876
1862.000 0.866
1863.000 0.895
1864.000 0.895
1865.000 0.877
1866.000 0.899
1867.000 0.881
1868.000 0.929
1869.000 0.862
1870.000 0.910
1871.000 0.912
1872.000 0.940
1873.000 0.914
1874.000 0.906
1875.000 0.909
1876.000 0.940
1877.000 0.949
1878.000 0.952
1879.000 0.915
1880.000 0.956
1881.000 0.923
1882.000 0.969
1883.000 0.912
1884.000 0.946
1885.000 0.958
1886.000 0.917
1887.000 0.962
1888.000 0.965
1889.000 0.977
1890.000 0.993
1891.000 0.974
1892.000 1.002
1893.000 0.977
1894.000 0.947
1895.000 0.938
1896.000 1.022
1897.000 0.950
1898.000 0.995
1899.000 0.982
1900.000 1.015
1901.000 0.943
1902.000 0.993
1903.000 1.048
1904.000 1.012
1905.000 1.013
1906.000 1.012
1907.000 1.043
1908.000 1.028
1909.000 1.024
1910.000 1.023
1911.000 1.067
1912.000 1.034
1913.000 0.974
1914.000 1.073
1915.000 0.985
1916.000 1.108
1917.000 1.082
1918.000 1.015
1919.000 1.020
1920.000 1.095
1921.000 1.060
1922.000 1.089
1923.000 1.096
1924.000 1.092
1925.000 1.084
1926.000 1.015
1927.000 1.075
1928.000 1.112
1929.000 1.039
1930.000 1.081
1931.000 1.076
1932.000 1.131
1933.000 1.011
1934.000 1.104
1935.000 1.149
1936.000 1.154
1937.000 1.121
1938.000 1.109
1939.000 1.139
1940.000 1.118
1941.000 1.185
1942.000 1.068
1943.000 1.119
1944.000 1.145
1945.000 1.102
1946.000 1.196
1947.000 1.098
1948.000 1.170
1949.000 1.121
1950.000 1.069
1951.000 1.153
1952.000 1.169
1953.000 1.182
1954.000 1.164
1955.000 1.181
1956.000 1.122
1957.000 1.176
1958.000 1.119
1959.000 1.151
1960.000 1.168
1961.000 1.147
1962.000 1.220
1963.000 1.150
1964.000 1.220
1965.000 1.251
1966.000 1.205
1967.000 1.198
1968.000 1.205
1969.000 1.231
1970.000 1.208
1971.000 1.207
1972.000 1.256
1973.000 1.254
1974.000 1.236
1975.000 1.211
1976.000 1.267
1977.000 1.228
1978.000 1.300
1979.000 1.230
1980.000 1.310
1981.000 1.251
1982.000 1.286
1983.000 1.320
1984.000 1.333
1985.000 1.296
1986.000 1.306
1987.000 1.303
1988.000 1.327
1989.000 1.378
1990.000 1.303
1991.000 1.320
1992.000 1.345
1993.000 1.336
1994.000 1.396
1995.000 1.372
1996.000 1.371
1997.000 1.355
1998.000 1.363
1999.000 1.416
2000.000 1.416
2001.000 1.417
2002.000 1.416
2003.000 1.448
2004.000 1.475
2005.000 1.454
2006.000 1.414
2007.000 1.491
2008.000 1.531
2009.000 1.471
2010.000 1.527
2011.000 1.476
2012.000 1.543
2013.000 1.527
2014.000 1.549
2015.000 1.538
2016.000 1.562
2017.000 1.583
2018.000 1.603
2019.000 1.629
2020.000 1.631
2021.000 1.632
2022.000 1.629
2023.000 1.687
2024.000 1.681
2025.000 1.704
2026.000 1.736
2027.000 1.676
2028.000 1.769
2029.000 1.782
2030.000 1.808
2031.000 1.835
2032.000 1.837
2033.000 1.879
2034.000 1.865
2035.000 1.935
2036.000 1.946
2037.000 1.954
2038.000 1.971
2039.000 1.985
2040.000 2.009
2041.000 2.027
2042.000 2.063
2043.000 2.123
2044.000 2.126
2045.000 2.147
2046.000 2.189
2047.000 2.245
2048.000 2.294
2049.000 2.331
2050.000 2.374
2051.000 2.437
2052.000 2.460
2053.000 2.444
2054.000 2.532
2055.000 2.605
2056.000 2.662
2057.000 2.668
2058.000 2.792
2059.000 2.806
2060.000 2.909
2061.000 3.018
2062.000 3.056
2063.000 3.120
2064.000 3.197
2065.000 3.281
2066.000 3.403
2067.000 3.515
2068.000 3.630
2069.000 3.785
2070.000 3.920
2071.000 4.072
2072.000 4.211
2073.000 4.422
2074.000 4.570
2075.000 4.724
2076.000 4.970
2077.000 5.206
2078.000 5.515
2079.000 5.800
2080.000 6.136
2081.000 6.477
2082.000 6.909
2083.000 7.333
2084.000 7.809
2085.000 8.298
2086.000 8.855
2087.000 9.260
2088.000 9.505
2089.000 9.985
2090.000 10.305
2091.000 10.445
2092.000 10.413
2093.000 10.175
2094.000 9.687
2095.000 9.096
2096.000 8.401
2097.000 7.737
2098.000 7.110
2099.000 6.513
2100.000 5.994
2101.000 5.760
2102.000 5.287
2103.000 4.895
2104.000 4.546
2105.000 4.258
2106.000 3.932
2107.000 3.672
2108.000 3.468
2109.000 3.258
2110.000 3.090
2111.000 2.896
2112.000 2.793
2113.000 2.668
2114.000 2.515
2115.000 2.374
2116.000 2.240
2117.000 2.171
2118.000 2.066
2119.000 1.958
2120.000 1.890
2121.000 1.802
2122.000 1.724
2123.000 1.668
2124.000 1.603
2125.000 1.556
2126.000 1.495
2127.000 1.428
2128.000 1.383
2129.000 1.303
2130.000 1.225
2131.000 1.204
2132.000 1.158
2133.000 1.107
2134.000 1.062
2135.000 1.034
2136.000 0.957
2137.000 0.955
2138.000 0.935
2139.000 0.915
2140.000 0.850
2141.000 0.834
2142.000 0.796
2143.000 0.771
2144.000 0.740
2145.000 0.714
2146.000 0.693
2147.000 0.636
2148.000 0.632
2149.000 0.625
2150.000 0.597
2151.000 0.560
2152.000 0.536
2153.000 0.510
2154.000 0.487
2155.000 0.480
2156.000 0.458
2157.000 0.423
2158.000 0.406
2159.000 0.392
2160.000 0.374
2161.000 0.370
2162.000 0.361
2163.000 0.325
2164.000 0.301
2165.000 0.277
2166.000 0.276
2167.000 0.261
2168.000 0.239
2169.000 0.221
2170.000 0.224
2171.000 0.180
2172.000 0.177
2173.000 0.169
2174.000 0.141
2175.000 0.139
2176.000 0.123
2177.000 0.109
2178.000 0.094
2179.000 0.088
2180.000 0.071
2181.000 0.063
2182.000 0.082
2183.000 0.064
2184.000 0.062
2185.000 0.071
2186.000 0.079
2187.000 0.081
2188.000 0.089
2189.000 0.105
2190.000 0.116
2191.000 0.128
2192.000 0.140
2193.000 0.157
2194.000 0.170
2195.000 0.185
2196.000 0.204
2197.000 0.222
2198.000 0.222
2199.000 0.244
2200.000 0.250
2201.000 0.276
2202.000 0.292
2203.000 0.309
2204.000 0.323
2205.000 0.334
2206.000 0.349
2207.000 0.379
2208.000 0.394
2209.000 0.408
2210.000 0.430
2211.000 0.425
2212.000 0.451
2213.000 0.475
2214.000 0.506
2215.000 0.521
2216.000 0.550
2217.000 0.577
2218.000 0.580
2219.000 0.624
2220.000 0.640
2221.000 0.650
2222.000 0.693
2223.000 0.715
2224.000 0.759
2225.000 0.785
2226.000 0.819
2227.000 0.828
2228.000 0.895
2229.000 0.914
2230.000 0.951
2231.000 0.998
2232.000 1.064
2233.000 1.101
2234.000 1.138
2235.000 1.181
2236.000 1.237
2237.000 1.299
2238.000 1.369
2239.000 1.420
2240.000 1.502
2241.000 1.595
2242.000 1.688
2243.000 1.766
2244.000 1.863
2245.000 2.003
2246.000 2.036
2247.000 2.187
2248.000 2.327
2249.000 2.512
2250.000 2.697
2251.000 2.900
2252.000 3.116
2253.000 3.338
2254.000 3.618
2255.000 3.946
2256.000 4.307
2257.000 4.636
2258.000 5.036
2259.000 5.178
2260.000 5.560
2261.000 5.859
2262.000 6.017
2263.000 6.094
2264.000 5.974
2265.000 5.743
2266.000 5.413
2267.000 5.024
2268.000 4.619
2269.000 4.270
2270.000 4.078
2271.000 3.779
2272.000 3.512
2273.000 3.271
2274.000 3.047
2275.000 2.836
2276.000 2.697
2277.000 2.552
2278.000 2.401
2279.000 2.253
2280.000 2.177
2281.000 2.043
2282.000 1.967
2283.000 1.934
2284.000 1.865
2285.000 1.783
2286.000 1.702
2287.000 1.661
2288.000 1.574
2289.000 1.520
2290.000 1.479
2291.000 1.441
2292.000 1.371
2293.000 1.343
2294.000 1.322
2295.000 1.283
2296.000 1.239
2297.000 1.251
2298.000 1.200
2299.000 1.158
2300.000 1.115
2301.000 1.090
2302.000 1.067
2303.000 1.057
2304.000 1.002
2305.000 1.004
2306.000 0.997
2307.000 0.943
2308.000 0.950
2309.000 0.943
2310.000 0.905
2311.000 0.905
2312.000 0.867
2313.000 0.856
2314.000 0.861
2315.000 0.839
2316.000 0.809
2317.000 0.800
2318.000 0.770
2319.000 0.781
2320.000 0.761
2321.000 0.754
2322.000 0.762
2323.000 0.749
2324.000 0.716
2325.000 0.707
2326.000 0.696
2327.000 0.688
2328.000 0.676
2329.000 0.666
2330.000 0.661
2331.000 0.664
2332.000 0.651
2333.000 0.633
2334.000 0.623
2335.000 0.625
2336.000 0.606
2337.000 0.599
2338.000 0.587
2339.000 0.570
2340.000 0.579
2341.000 0.576
2342.000 0.566
2343.000 0.551
2344.000 0.543
2345.000 0.554
2346.000 0.536
2347.000 0.531
2348.000 0.519
2349.000 0.532
2350.000 0.519
2351.000 0.507
2352.000 0.501
2353.000 0.500
2354.000 0.498
2355.000 0.492
2356.000 0.484
2357.000 0.483
2358.000 0.474
2359.000 0.466
2360.000 0.468
2361.000 0.456
2362.000 0.447
2363.000 0.454
2364.000 0.451
2365.000 0.451
2366.000 0.441
2367.000 0.442
2368.000 0.432
2369.000 0.421
2370.000 0.422
2371.000 0.423
2372.000 0.416
2373.000 0.401
2374.000 0.398
2375.000 0.417
2376.000 0.403
2377.000 0.394
2378.000 0.405
2379.000 0.382
2380.000 0.392
2381.000 0.390
2382.000 0.394
2383.000 0.383
2384.000 0.371
2385.000 0.375
2386.000 0.373
2387.000 0.362
2388.000 0.364
2389.000 0.361
2390.000 0.365
2391.000 0.362
2392.000 0.357
2393.000 0.354
2394.000 0.344
2395.000 0.358
2396.000 0.350
2397.000 0.351
2398.000 0.348
2399.000 0.334
2400.000 0.334
2401.000 0.331
2402.000 0.341
2403.000 0.336
2404.000 0.328
2405.000 0.324
2406.000 0.332
2407.000 0.321
2408.000 0.331
2409.000 0.321
2410.000 0.313
2411.000 0.310
2412.000 0.303
2413.000 0.308
2414.000 0.307
2415.000 0.306
2416.000 0.305
2417.000 0.298
2418.000 0.302
2419.000 0.303
2420.000 0.304
2421.000 0.294
2422.000 0.293
2423.000 0.293
2424.000 0.293
2425.000 0.286
2426.000 0.289
2427.000 0.288
2428.000 0.285
2429.000 0.283
2430.000 0.290
2431.000 0.286
2432.000 0.283
2433.000 0.291
2434.000 0.279
2435.000 0.292
2436.000 0.287
2437.000 0.278
2438.000 0.272
2439.000 0.269
2440.000 0.271
2441.000 0.272
2442.000 0.275
2443.000 0.265
2444.000 0.271
2445.000 0.273
2446.000 0.266
2447.000 0.269
2448.000 0.258
2449.000 0.270
2450.000 0.267
2451.000 0.261
2452.000 0.270
2453.000 0.255
2454.000 0.256
2455.000 0.265
2456.000 0.261
2457.000 0.261
2458.000 0.257
2459.000 0.258
2460.000 0.257
2461.000 0.252
2462.000 0.253
2463.000 0.255
2464.000 0.248
2465.000 0.254
2466.000 0.256
2467.000 0.256
2468.000 0.256
2469.000 0.250
2470.000 0.254
2471.000 0.248
2472.000 0.245
2473.000 0.248
2474.000 0.257
2475.000 0.247
2476.000 0.245
2477.000 0.244
2478.000 0.244
2479.000 0.247
2480.000 0.250
2481.000 0.254
2482.000 0.249
2483.000 0.243
2484.000 0.244
2485.000 0.237
2486.000 0.243
2487.000 0.234
2488.000 0.247
2489.000 0.241
2490.000 0.245
2491.000 0.238
2492.000 0.238
2493.000 0.242
2494.000 0.234
2495.000 0.237
2496.000 0.245
2497.000 0.240
2498.000 0.245
2499.000 0.242
2500.000 0.239
2501.000 0.242
2502.000 0.242
2503.000 0.242
2504.000 0.236
2505.000 0.239
2506.000 0.229
2507.000 0.237
2508.000 0.251
2509.000 0.239
2510.000 0.237
2511.000 0.242
2512.000 0.238
2513.000 0.240
2514.000 0.246
2515.000 0.245
2516.000 0.247
2517.000 0.238
2518.000 0.242
2519.000 0.234
2520.000 0.240
2521.000 0.239
2522.000 0.251
2523.000 0.245
2524.000 0.248
2525.000 0.239
2526.000 0.243
2527.000 0.238
2528.000 0.240
2529.000 0.243
2530.000 0.257
2531.000 0.242
2532.000 0.248
2533.000 0.249
2534.000 0.251
2535.000 0.248
2536.000 0.250
2537.000 0.247
2538.000 0.243
2539.000 0.249
2540.000 0.251
2541.000 0.244
2542.000 0.254
2543.000 0.250
2544.000 0.243
2545.000 0.249
2546.000 0.253
2547.000 0.251
2548.000 0.248
2549.000 0.259
2550.000 0.248
2551.000 0.252
2552.000 0.246
2553.000 0.251
2554.000 0.253
2555.000 0.252
2556.000 0.252
2557.000 0.254
2558.000 0.243
2559.000 0.254
2560.000 0.246
2561.000 0.258
2562.000 0.259
2563.000 0.254
2564.000 0.257
2565.000 0.265
2566.000 0.254
2567.000 0.263
2568.000 0.255
2569.000 0.260
2570.000 0.262
2571.000 0.266
2572.000 0.271
2573.000 0.260
2574.000 0.265
2575.000 0.269
2576.000 0.263
2577.000 0.268
2578.000 0.266
2579.000 0.276
2580.000 0.273
2581.000 0.275
2582.000 0.268
2583.000 0.267
2584.000 0.269
2585.000 0.266
2586.000 0.273
2587.000 0.273
2588.000 0.272
2589.000 0.277
2590.000 0.274
2591.000 0.284
2592.000 0.278
2593.000 0.281
2594.000 0.273
2595.000 0.280
2596.000 0.283
2597.000 0.284
2598.000 0.282
2599.000 0.285
2600.000 0.284
