1801.000 0.378
1802.000 0.379
1803.000 0.380
1804.000 0.388
1805.000 0.381
1806.000 0.384
1807.000 0.382
1808.000 0.384
1809.000 0.380
1810.000 0.389
1811.000 0.389
1812.000 0.386
1813.000 0.399
1814.000 0.406
1815.000 0.399
1816.000 0.418
1817.000 0.405
1818.000 0.426
1819.000 0.412
1820.000 0.406
1821.000 0.419
1822.000 0.416
1823.000 0.421
1824.000 0.433
1825.000 0.434
1826.000 0.431
1827.000 0.424
1828.000 0.430
1829.000 0.436
1830.000 0.443
1831.000 0.443
1832.000 0.434
1833.000 0.439
1834.000 0.450
1835.000 0.448
1836.000 0.461
1837.000 0.468
1838.000 0.457
1839.000 0.471
1840.000 0.465
1841.000 0.451
1842.000 0.459
1843.000 0.480
1844.000 0.476
1845.000 0.473
1846.000 0.465
1847.000 0.475
1848.000 0.490
1849.000 0.475
1850.000 0.485
1851.000 0.485
1852.000 0.468
1853.000 0.487
1854.000 0.477
1855.000 0.498
1856.000 0.496
1857.000 0.515
1858.000 0.498
1859.000 0.497
1860.000 0.503
1861.000 0.517
1862.000 0.509
1863.000 0.514
1864.000 0.502
1865.000 0.509
1866.000 0.529
1867.000 0.522
1868.000 0.526
1869.000 0.508
1870.000 0.536
1871.000 0.527
1872.000 0.539
1873.000 0.527
1874.000 0.543
1875.000 0.541
1876.000 0.532
1877.000 0.531
1878.000 0.543
1879.000 0.545
1880.000 0.549
1881.000 0.547
1882.000 0.547
1883.000 0.562
1884.000 0.552
1885.000 0.556
1886.000 0.560
1887.000 0.557
1888.000 0.546
1889.000 0.572
1890.000 0.564
1891.000 0.571
1892.000 0.563
1893.000 0.588
1894.000 0.571
1895.000 0.580
1896.000 0.583
1897.000 0.596
1898.000 0.589
1899.000 0.593
1900.000 0.573
1901.000 0.596
1902.000 0.594
1903.000 0.594
1904.000 0.604
1905.000 0.617
1906.000 0.614
1907.000 0.626
1908.000 0.610
1909.000 0.595
1910.000 0.593
1911.000 0.609
1912.000 0.607
1913.000 0.617
1914.000 0.606
1915.000 0.603
1916.000 0.604
1917.000 0.639
1918.000 0.645
1919.000 0.664
1920.000 0.651
1921.000 0.637
1922.000 0.672
1923.000 0.666
1924.000 0.657
1925.000 0.628
1926.000 0.641
1927.000 0.667
1928.000 0.622
1929.000 0.664
1930.000 0.640
1931.000 0.661
1932.000 0.669
1933.000 0.668
1934.000 0.666
1935.000 0.729
1936.000 0.663
1937.000 0.678
1938.000 0.729
1939.000 0.679
1940.000 0.668
1941.000 0.682
1942.000 0.684
1943.000 0.666
1944.000 0.716
1945.000 0.711
1946.000 0.702
1947.000 0.694
1948.000 0.711
1949.000 0.702
1950.000 0.696
1951.000 0.710
1952.000 0.684
1953.000 0.697
1954.000 0.708
1955.000 0.718
1956.000 0.763
1957.000 0.773
1958.000 0.726
1959.000 0.712
1960.000 0.788
1961.000 0.695
1962.000 0.767
1963.000 0.723
1964.000 0.725
1965.000 0.774
1966.000 0.806
1967.000 0.770
1968.000 0.779
1969.000 0.767
1970.000 0.750
1971.000 0.790
1972.000 0.798
1973.000 0.759
1974.000 0.772
1975.000 0.807
1976.000 0.826
1977.000 0.826
1978.000 0.800
1979.000 0.800
1980.000 0.841
1981.000 0.813
1982.000 0.802
1983.000 0.850
1984.000 0.867
1985.000 0.874
1986.000 0.882
1987.000 0.878
1988.000 0.872
1989.000 0.885
1990.000 0.877
1991.000 0.880
1992.000 0.918
1993.000 0.883
1994.000 0.923
1995.000 0.905
1996.000 0.932
1997.000 0.936
1998.000 0.915
1999.000 0.957
2000.000 0.969
2001.000 0.981
2002.000 0.967
2003.000 1.007
2004.000 0.998
2005.000 0.999
2006.000 1.027
2007.000 1.000
2008.000 1.014
2009.000 1.044
2010.000 1.056
2011.000 1.055
2012.000 1.063
2013.000 1.104
2014.000 1.072
2015.000 1.073
2016.000 1.138
2017.000 1.150
2018.000 1.153
2019.000 1.162
2020.000 1.202
2021.000 1.181
2022.000 1.232
2023.000 1.203
2024.000 1.226
2025.000 1.270
2026.000 1.282
2027.000 1.283
2028.000 1.284
2029.000 1.294
2030.000 1.309
2031.000 1.370
2032.000 1.359
2033.000 1.427
2034.000 1.400
2035.000 1.413
2036.000 1.427
2037.000 1.489
2038.000 1.503
2039.000 1.540
2040.000 1.536
2041.000 1.571
2042.000 1.614
2043.000 1.636
2044.000 1.661
2045.000 1.713
2046.000 1.727
2047.000 1.814
2048.000 1.842
2049.000 1.861
2050.000 1.891
2051.000 1.921
2052.000 1.980
2053.000 1.995
2054.000 2.085
2055.000 2.173
2056.000 2.215
2057.000 2.265
2058.000 2.315
2059.000 2.376
2060.000 2.463
2061.000 2.525
2062.000 2.580
2063.000 2.664
2064.000 2.762
2065.000 2.856
2066.000 2.931
2067.000 3.053
2068.000 3.201
2069.000 3.147
2070.000 3.468
2071.000 3.641
2072.000 3.755
2073.000 3.967
2074.000 4.024
2075.000 4.264
2076.000 4.598
2077.000 4.647
2078.000 4.995
2079.000 5.316
2080.000 5.641
2081.000 5.975
2082.000 6.432
2083.000 6.840
2084.000 7.296
2085.000 7.767
2086.000 7.901
2087.000 8.414
2088.000 8.951
2089.000 9.384
2090.000 9.788
2091.000 10.079
2092.000 10.184
2093.000 10.213
2094.000 9.960
2095.000 9.576
2096.000 9.115
2097.000 8.564
2098.000 8.278
2099.000 7.595
2100.000 7.120
2101.000 6.576
2102.000 6.154
2103.000 5.772
2104.000 5.498
2105.000 5.231
2106.000 4.888
2107.000 4.621
2108.000 4.397
2109.000 4.181
2110.000 4.049
2111.000 3.876
2112.000 3.669
2113.000 3.561
2114.000 3.431
2115.000 3.289
2116.000 3.159
2117.000 2.992
2118.000 2.893
2119.000 2.822
2120.000 2.736
2121.000 2.609
2122.000 2.550
2123.000 2.502
2124.000 2.451
2125.000 2.387
2126.000 2.303
2127.000 2.305
2128.000 2.216
2129.000 2.165
2130.000 2.094
2131.000 2.045
2132.000 1.976
2133.000 1.947
2134.000 1.941
2135.000 1.909
2136.000 1.879
2137.000 1.847
2138.000 1.792
2139.000 1.780
2140.000 1.727
2141.000 1.687
2142.000 1.675
2143.000 1.629
2144.000 1.632
2145.000 1.557
2146.000 1.568
2147.000 1.530
2148.000 1.536
2149.000 1.515
2150.000 1.475
2151.000 1.458
2152.000 1.448
2153.000 1.402
2154.000 1.460
2155.000 1.391
2156.000 1.382
2157.000 1.371
2158.000 1.308
2159.000 1.380
2160.000 1.318
2161.000 1.316
2162.000 1.311
2163.000 1.289
2164.000 1.305
2165.000 1.288
2166.000 1.282
2167.000 1.224
2168.000 1.230
2169.000 1.232
2170.000 1.244
2171.000 1.208
2172.000 1.203
2173.000 1.214
2174.000 1.194
2175.000 1.184
2176.000 1.178
2177.000 1.185
2178.000 1.164
2179.000 1.166
2180.000 1.163
2181.000 1.157
2182.000 1.171
2183.000 1.151
2184.000 1.147
2185.000 1.155
2186.000 1.165
2187.000 1.135
2188.000 1.142
2189.000 1.129
2190.000 1.150
2191.000 1.142
2192.000 1.137
2193.000 1.135
2194.000 1.148
2195.000 1.126
2196.000 1.160
2197.000 1.133
2198.000 1.132
2199.000 1.235
2200.000 1.167
2201.000 1.165
2202.000 1.225
2203.000 1.135
2204.000 1.197
2205.000 1.171
2206.000 1.184
2207.000 1.183
2208.000 1.182
2209.000 1.179
2210.000 1.220
2211.000 1.216
2212.000 1.196
2213.000 1.240
2214.000 1.234
2215.000 1.268
2216.000 1.286
2217.000 1.302
2218.000 1.311
2219.000 1.253
2220.000 1.365
2221.000 1.348
2222.000 1.367
2223.000 1.368
2224.000 1.376
2225.000 1.404
2226.000 1.412
2227.000 1.459
2228.000 1.438
2229.000 1.462
2230.000 1.525
2231.000 1.576
2232.000 1.595
2233.000 1.633
2234.000 1.652
2235.000 1.692
2236.000 1.743
2237.000 1.804
2238.000 1.856
2239.000 1.893
2240.000 1.952
2241.000 2.015
2242.000 2.105
2243.000 2.198
2244.000 2.252
2245.000 2.306
2246.000 2.404
2247.000 2.521
2248.000 2.669
2249.000 2.788
2250.000 2.990
2251.000 3.106
2252.000 3.147
2253.000 3.758
2254.000 3.777
2255.000 4.479
2256.000 4.247
2257.000 4.551
2258.000 4.801
2259.000 5.099
2260.000 5.388
2261.000 5.607
2262.000 3.879
2263.000 5.740
2264.000 5.621
2265.000 5.359
2266.000 4.945
2267.000 4.553
2268.000 4.069
2269.000 3.848
2270.000 3.494
2271.000 3.177
2272.000 2.905
2273.000 2.674
2274.000 2.455
2275.000 2.275
2276.000 2.067
2277.000 1.977
2278.000 1.877
2279.000 1.764
2280.000 1.673
2281.000 1.593
2282.000 1.429
2283.000 1.435
2284.000 1.344
2285.000 1.308
2286.000 1.189
2287.000 1.138
2288.000 1.100
2289.000 1.063
2290.000 1.017
2291.000 0.961
2292.000 0.927
2293.000 0.885
2294.000 0.867
2295.000 0.840
2296.000 0.816
2297.000 0.783
2298.000 0.768
2299.000 0.918
2300.000 0.724
2301.000 0.685
2302.000 0.645
2303.000 0.646
2304.000 0.602
2305.000 0.612
2306.000 0.596
2307.000 0.564
2308.000 0.550
2309.000 0.539
2310.000 0.507
2311.000 0.572
2312.000 0.491
2313.000 0.481
2314.000 0.484
2315.000 0.472
2316.000 0.455
2317.000 0.445
2318.000 0.430
2319.000 0.407
2320.000 0.401
2321.000 0.392
2322.000 0.387
2323.000 0.388
2324.000 0.375
2325.000 0.351
2326.000 0.345
2327.000 0.363
2328.000 0.334
2329.000 0.344
2330.000 0.331
2331.000 0.329
2332.000 0.313
2333.000 0.314
2334.000 0.316
2335.000 0.298
2336.000 0.289
2337.000 0.278
2338.000 0.278
2339.000 0.267
2340.000 0.258
2341.000 0.265
2342.000 0.257
2343.000 0.252
2344.000 0.255
2345.000 0.251
2346.000 0.246
2347.000 0.243
2348.000 0.243
2349.000 0.243
2350.000 0.224
2351.000 0.232
2352.000 0.278
2353.000 0.214
2354.000 0.218
2355.000 0.219
2356.000 0.212
2357.000 0.209
2358.000 0.204
2359.000 0.296
2360.000 0.206
2361.000 0.197
2362.000 0.185
2363.000 0.193
2364.000 0.189
2365.000 0.181
2366.000 0.181
2367.000 0.176
2368.000 0.178
2369.000 0.173
2370.000 0.170
2371.000 0.167
2372.000 0.165
2373.000 0.171
2374.000 0.163
2375.000 0.169
2376.000 0.161
2377.000 0.165
2378.000 0.153
2379.000 0.156
2380.000 0.150
2381.000 0.156
2382.000 0.147
2383.000 0.144
2384.000 0.143
2385.000 0.141
2386.000 0.147
2387.000 0.140
2388.000 0.146
2389.000 0.135
2390.000 0.136
2391.000 0.134
2392.000 0.138
2393.000 0.129
2394.000 0.169
2395.000 0.123
2396.000 0.124
2397.000 0.160
2398.000 0.122
2399.000 0.120
2400.000 0.125
2401.000 0.130
2402.000 0.116
2403.000 0.122
2404.000 0.119
2405.000 0.116
2406.000 0.123
2407.000 0.122
2408.000 0.122
2409.000 0.109
2410.000 0.117
2411.000 0.108
2412.000 0.107
2413.000 0.119
2414.000 0.115
2415.000 0.109
2416.000 0.104
2417.000 0.104
2418.000 0.104
2419.000 0.101
2420.000 0.104
2421.000 0.108
2422.000 0.094
2423.000 0.102
2424.000 0.103
2425.000 0.100
2426.000 0.099
2427.000 0.091
2428.000 0.135
2429.000 0.092
2430.000 0.091
2431.000 0.099
2432.000 0.094
2433.000 0.091
2434.000 0.097
2435.000 0.094
2436.000 0.090
2437.000 0.092
2438.000 0.092
2439.000 0.092
2440.000 0.086
2441.000 0.082
2442.000 0.091
2443.000 0.085
2444.000 0.084
2445.000 0.088
2446.000 0.090
2447.000 0.085
2448.000 0.083
2449.000 0.090
2450.000 0.090
2451.000 0.084
2452.000 0.085
2453.000 0.077
2454.000 0.078
2455.000 0.082
2456.000 0.086
2457.000 0.075
2458.000 0.086
2459.000 0.087
2460.000 0.084
2461.000 0.080
2462.000 0.081
2463.000 0.077
2464.000 0.076
2465.000 0.078
2466.000 0.077
2467.000 0.084
2468.000 0.077
2469.000 0.088
2470.000 0.081
2471.000 0.083
2472.000 0.081
2473.000 0.071
2474.000 0.086
2475.000 0.070
2476.000 0.086
2477.000 0.074
2478.000 0.080
2479.000 0.072
2480.000 0.078
2481.000 0.077
2482.000 0.077
2483.000 0.079
2484.000 0.072
2485.000 0.075
2486.000 0.078
2487.000 0.076
2488.000 0.078
2489.000 0.081
2490.000 0.080
2491.000 0.074
2492.000 0.077
2493.000 0.081
2494.000 0.075
2495.000 0.074
2496.000 0.067
2497.000 0.071
2498.000 0.069
2499.000 0.080
2500.000 0.072
2501.000 0.071
2502.000 0.074
2503.000 0.073
2504.000 0.072
2505.000 0.074
2506.000 0.080
2507.000 0.069
2508.000 0.069
2509.000 0.077
2510.000 0.071
2511.000 0.075
2512.000 0.076
2513.000 0.079
2514.000 0.065
2515.000 0.065
2516.000 0.074
2517.000 0.071
2518.000 0.065
2519.000 0.072
2520.000 0.072
2521.000 0.074
2522.000 0.073
2523.000 0.077
2524.000 0.071
2525.000 0.083
2526.000 0.068
2527.000 0.071
2528.000 0.075
2529.000 0.067
2530.000 0.078
2531.000 0.076
2532.000 0.074
2533.000 0.078
2534.000 0.073
2535.000 0.073
2536.000 0.079
2537.000 0.075
2538.000 0.078
2539.000 0.079
2540.000 0.077
2541.000 0.076
2542.000 0.076
2543.000 0.080
2544.000 0.073
2545.000 0.069
2546.000 0.078
2547.000 0.069
2548.000 0.077
2549.000 0.077
2550.000 0.078
2551.000 0.081
2552.000 0.077
2553.000 0.066
2554.000 0.073
2555.000 0.075
2556.000 0.070
2557.000 0.083
2558.000 0.069
2559.000 0.084
2560.000 0.082
2561.000 0.077
2562.000 0.071
2563.000 0.082
2564.000 0.075
2565.000 0.075
2566.000 0.077
2567.000 0.076
2568.000 0.085
2569.000 0.084
2570.000 0.080
2571.000 0.081
2572.000 0.080
2573.000 0.088
2574.000 0.086
2575.000 0.085
2576.000 0.075
2577.000 0.078
2578.000 0.083
2579.000 0.078
2580.000 0.082
2581.000 0.076
2582.000 0.089
2583.000 0.086
2584.000 0.086
2585.000 0.080
2586.000 0.082
2587.000 0.081
2588.000 0.081
2589.000 0.082
2590.000 0.093
2591.000 0.084
2592.000 0.081
2593.000 0.091
2594.000 0.086
2595.000 0.086
2596.000 0.084
2597.000 0.085
2598.000 0.096
2599.000 0.084
2600.000 0.093
