1801.000 0.372
1802.000 0.388
1803.000 0.377
1804.000 0.382
1805.000 0.380
1806.000 0.398
1807.000 0.398
1808.000 0.390
1809.000 0.396
1810.000 0.391
1811.000 0.397
1812.000 0.406
1813.000 0.404
1814.000 0.406
1815.000 0.417
1816.000 0.414
1817.000 0.413
1818.000 0.417
1819.000 0.423
1820.000 0.418
1821.000 0.418
1822.000 0.439
1823.000 0.434
1824.000 0.417
1825.000 0.425
1826.000 0.426
1827.000 0.441
1828.000 0.442
1829.000 0.447
1830.000 0.441
1831.000 0.448
1832.000 0.447
1833.000 0.451
1834.000 0.452
1835.000 0.442
1836.000 0.454
1837.000 0.457
1838.000 0.472
1839.000 0.483
1840.000 0.473
1841.000 0.475
1842.000 0.463
1843.000 0.470
1844.000 0.477
1845.000 0.444
1846.000 0.469
1847.000 0.486
1848.000 0.491
1849.000 0.482
1850.000 0.503
1851.000 0.499
1852.000 0.501
1853.000 0.493
1854.000 0.499
1855.000 0.501
1856.000 0.496
1857.000 0.509
1858.000 0.500
1859.000 0.518
1860.000 0.515
1861.000 0.507
1862.000 0.520
1863.000 0.544
1864.000 0.516
1865.000 0.527
1866.000 0.544
1867.000 0.524
1868.000 0.532
1869.000 0.530
1870.000 0.527
1871.000 0.538
1872.000 0.532
1873.000 0.528
1874.000 0.540
1875.000 0.551
1876.000 0.528
1877.000 0.564
1878.000 0.536
1879.000 0.561
1880.000 0.555
1881.000 0.543
1882.000 0.574
1883.000 0.542
1884.000 0.560
1885.000 0.554
1886.000 0.567
1887.000 0.572
1888.000 0.566
1889.000 0.576
1890.000 0.566
1891.000 0.554
1892.000 0.555
1893.000 0.581
1894.000 0.582
1895.000 0.588
1896.000 0.589
1897.000 0.589
1898.000 0.609
1899.000 0.585
1900.000 0.588
1901.000 0.600
1902.000 0.604
1903.000 0.627
1904.000 0.631
1905.000 0.594
1906.000 0.578
1907.000 0.607
1908.000 0.565
1909.000 0.631
1910.000 0.600
1911.000 0.637
1912.000 0.608
1913.000 0.604
1914.000 0.627
1915.000 0.638
1916.000 0.617
1917.000 0.646
1918.000 0.627
1919.000 0.635
1920.000 0.621
1921.000 0.650
1922.000 0.657
1923.000 0.654
1924.000 0.678
1925.000 0.670
1926.000 0.670
1927.000 0.681
1928.000 0.643
1929.000 0.640
1930.000 0.683
1931.000 0.676
1932.000 0.652
1933.000 0.663
1934.000 0.681
1935.000 0.674
1936.000 0.684
1937.000 0.691
1938.000 0.701
1939.000 0.680
1940.000 0.713
1941.000 0.672
1942.000 0.699
1943.000 0.688
1944.000 0.664
1945.000 0.683
1946.000 0.727
1947.000 0.678
1948.000 0.735
1949.000 0.691
1950.000 0.756
1951.000 0.721
1952.000 0.698
1953.000 0.758
1954.000 0.725
1955.000 0.727
1956.000 0.735
1957.000 0.711
1958.000 0.751
1959.000 0.767
1960.000 0.787
1961.000 0.719
1962.000 0.716
1963.000 0.818
1964.000 0.785
1965.000 0.770
1966.000 0.827
1967.000 0.784
1968.000 0.756
1969.000 0.813
1970.000 0.834
1971.000 0.814
1972.000 0.782
1973.000 0.807
1974.000 2.327
1975.000 0.961
1976.000 0.784
1977.000 0.818
1978.000 0.854
1979.000 0.791
1980.000 0.890
1981.000 0.828
1982.000 0.875
1983.000 0.816
1984.000 0.867
1985.000 0.884
1986.000 0.856
1987.000 0.864
1988.000 0.880
1989.000 0.887
1990.000 0.879
1991.000 0.880
1992.000 0.883
1993.000 0.904
1994.000 0.931
1995.000 0.914
1996.000 0.931
1997.000 0.960
1998.000 0.929
1999.000 0.973
2000.000 0.965
2001.000 0.942
2002.000 0.985
2003.000 0.982
2004.000 0.990
2005.000 0.999
2006.000 1.018
2007.000 1.041
2008.000 1.032
2009.000 1.077
2010.000 1.057
2011.000 1.065
2012.000 1.056
2013.000 1.089
2014.000 1.095
2015.000 1.115
2016.000 1.117
2017.000 1.143
2018.000 1.170
2019.000 1.175
2020.000 1.141
2021.000 1.178
2022.000 1.235
2023.000 1.256
2024.000 1.228
2025.000 1.244
2026.000 1.291
2027.000 1.275
2028.000 1.323
2029.000 1.312
2030.000 1.359
2031.000 1.367
2032.000 1.382
2033.000 1.396
2034.000 1.448
2035.000 1.415
2036.000 1.490
2037.000 1.472
2038.000 1.500
2039.000 1.512
2040.000 1.594
2041.000 1.685
2042.000 1.555
2043.000 1.675
2044.000 1.658
2045.000 1.736
2046.000 1.752
2047.000 1.767
2048.000 1.826
2049.000 1.875
2050.000 1.901
2051.000 1.968
2052.000 2.001
2053.000 2.049
2054.000 2.071
2055.000 2.110
2056.000 2.206
2057.000 2.256
2058.000 2.303
2059.000 2.463
2060.000 2.394
2061.000 2.443
2062.000 2.565
2063.000 2.770
2064.000 2.717
2065.000 2.832
2066.000 3.014
2067.000 3.085
2068.000 3.187
2069.000 3.330
2070.000 3.425
2071.000 3.599
2072.000 3.650
2073.000 3.880
2074.000 4.052
2075.000 4.220
2076.000 4.503
2077.000 4.766
2078.000 4.948
2079.000 5.314
2080.000 5.641
2081.000 6.027
2082.000 6.377
2083.000 6.805
2084.000 7.160
2085.000 7.394
2086.000 7.872
2087.000 8.326
2088.000 8.825
2089.000 9.197
2090.000 9.587
2091.000 9.935
2092.000 9.979
2093.000 9.969
2094.000 9.695
2095.000 9.245
2096.000 8.746
2097.000 8.515
2098.000 7.901
2099.000 7.500
2100.000 6.958
2101.000 6.563
2102.000 6.156
2103.000 5.795
2104.000 5.378
2105.000 5.031
2106.000 4.795
2107.000 4.580
2108.000 4.304
2109.000 4.236
2110.000 4.036
2111.000 3.853
2112.000 3.658
2113.000 3.569
2114.000 3.321
2115.000 3.195
2116.000 3.118
2117.000 2.995
2118.000 2.903
2119.000 2.820
2120.000 2.670
2121.000 2.680
2122.000 2.612
2123.000 2.469
2124.000 2.435
2125.000 2.348
2126.000 2.300
2127.000 2.283
2128.000 2.190
2129.000 2.123
2130.000 2.058
2131.000 2.023
2132.000 1.980
2133.000 1.931
2134.000 1.909
2135.000 1.886
2136.000 1.831
2137.000 1.789
2138.000 1.771
2139.000 1.733
2140.000 1.722
2141.000 1.690
2142.000 1.654
2143.000 1.639
2144.000 1.597
2145.000 1.570
2146.000 1.546
2147.000 1.516
2148.000 1.515
2149.000 1.468
2150.000 1.458
2151.000 1.448
2152.000 1.423
2153.000 1.419
2154.000 1.390
2155.000 1.379
2156.000 1.356
2157.000 1.353
2158.000 1.340
2159.000 1.338
2160.000 1.315
2161.000 1.208
2162.000 1.300
2163.000 1.284
2164.000 1.256
2165.000 1.255
2166.000 1.258
2167.000 1.232
2168.000 1.215
2169.000 1.233
2170.000 1.219
2171.000 1.190
2172.000 1.196
2173.000 1.182
2174.000 1.168
2175.000 1.159
2176.000 1.171
2177.000 1.162
2178.000 1.160
2179.000 1.153
2180.000 1.140
2181.000 1.134
2182.000 1.127
2183.000 1.127
2184.000 1.136
2185.000 1.126
2186.000 1.134
2187.000 1.115
2188.000 1.123
2189.000 1.122
2190.000 1.125
2191.000 1.108
2192.000 1.113
2193.000 1.117
2194.000 1.111
2195.000 1.103
2196.000 1.130
2197.000 1.117
2198.000 1.124
2199.000 1.108
2200.000 1.135
2201.000 1.118
2202.000 1.117
2203.000 1.131
2204.000 1.156
2205.000 1.142
2206.000 1.148
2207.000 1.127
2208.000 1.170
2209.000 1.160
2210.000 1.188
2211.000 1.204
2212.000 1.191
2213.000 1.201
2214.000 1.187
2215.000 1.225
2216.000 1.220
2217.000 1.234
2218.000 1.242
2219.000 1.272
2220.000 1.266
2221.000 1.283
2222.000 1.316
2223.000 1.344
2224.000 1.336
2225.000 1.354
2226.000 1.376
2227.000 1.449
2228.000 1.457
2229.000 1.468
2230.000 1.500
2231.000 1.499
2232.000 1.521
2233.000 1.580
2234.000 1.590
2235.000 1.644
2236.000 1.667
2237.000 1.724
2238.000 1.806
2239.000 1.833
2240.000 1.896
2241.000 1.978
2242.000 2.069
2243.000 2.069
2244.000 2.136
2245.000 2.208
2246.000 2.336
2247.000 2.459
2248.000 2.559
2249.000 2.708
2250.000 2.806
2251.000 3.005
2252.000 3.232
2253.000 3.411
2254.000 3.634
2255.000 3.853
2256.000 4.016
2257.000 4.364
2258.000 4.624
2259.000 4.958
2260.000 5.220
2261.000 5.425
2262.000 5.528
2263.000 5.493
2264.000 5.330
2265.000 5.100
2266.000 4.693
2267.000 4.487
2268.000 4.106
2269.000 3.781
2270.000 3.401
2271.000 3.036
2272.000 2.802
2273.000 2.587
2274.000 2.394
2275.000 2.183
2276.000 2.041
2277.000 1.895
2278.000 1.791
2279.000 1.708
2280.000 1.601
2281.000 1.522
2282.000 1.421
2283.000 1.350
2284.000 1.277
2285.000 1.196
2286.000 1.155
2287.000 1.111
2288.000 1.053
2289.000 1.011
2290.000 0.963
2291.000 0.945
2292.000 0.894
2293.000 0.866
2294.000 0.834
2295.000 0.811
2296.000 0.780
2297.000 0.740
2298.000 0.728
2299.000 0.693
2300.000 0.689
2301.000 0.674
2302.000 0.618
2303.000 0.612
2304.000 0.598
2305.000 0.562
2306.000 0.547
2307.000 0.573
2308.000 0.535
2309.000 0.518
2310.000 0.511
2311.000 0.483
2312.000 0.462
2313.000 0.444
2314.000 0.461
2315.000 0.421
2316.000 0.428
2317.000 0.433
2318.000 0.393
2319.000 0.400
2320.000 0.389
2321.000 0.385
2322.000 0.387
2323.000 0.370
2324.000 0.346
2325.000 0.348
2326.000 0.338
2327.000 0.329
2328.000 0.334
2329.000 0.339
2330.000 0.325
2331.000 0.301
2332.000 0.306
2333.000 0.306
2334.000 0.288
2335.000 0.297
2336.000 0.309
2337.000 0.270
2338.000 0.271
2339.000 0.456
2340.000 0.305
2341.000 0.294
2342.000 0.242
2343.000 0.246
2344.000 0.248
2345.000 0.238
2346.000 0.226
2347.000 0.239
2348.000 0.221
2349.000 0.230
2350.000 0.223
2351.000 0.208
2352.000 0.210
2353.000 0.257
2354.000 0.207
2355.000 0.198
2356.000 0.203
2357.000 0.196
2358.000 0.185
2359.000 0.206
2360.000 0.180
2361.000 0.178
2362.000 0.180
2363.000 0.233
2364.000 0.200
2365.000 0.183
2366.000 0.165
2367.000 0.170
2368.000 0.173
2369.000 0.165
2370.000 0.161
2371.000 0.173
2372.000 0.157
2373.000 0.157
2374.000 0.155
2375.000 0.172
2376.000 0.181
2377.000 0.178
2378.000 0.139
2379.000 0.151
2380.000 0.148
2381.000 0.137
2382.000 0.147
2383.000 0.229
2384.000 0.131
2385.000 0.143
2386.000 0.132
2387.000 0.133
2388.000 0.220
2389.000 0.140
2390.000 0.131
2391.000 0.118
2392.000 0.123
2393.000 0.131
2394.000 0.117
2395.000 0.127
2396.000 0.117
2397.000 0.115
2398.000 0.110
2399.000 0.110
2400.000 0.121
2401.000 0.111
2402.000 0.114
2403.000 0.104
2404.000 0.113
2405.000 0.120
2406.000 0.107
2407.000 0.132
2408.000 0.198
2409.000 0.176
2410.000 0.118
2411.000 0.144
2412.000 0.114
2413.000 0.168
2414.000 0.104
2415.000 0.104
2416.000 0.099
2417.000 0.111
2418.000 0.094
2419.000 0.099
2420.000 0.100
2421.000 0.096
2422.000 0.096
2423.000 0.121
2424.000 0.095
2425.000 0.099
2426.000 0.097
2427.000 0.096
2428.000 0.090
2429.000 0.097
2430.000 0.098
2431.000 0.097
2432.000 0.089
2433.000 0.097
2434.000 0.086
2435.000 0.075
2436.000 0.079
2437.000 0.083
2438.000 0.091
2439.000 0.087
2440.000 0.079
2441.000 0.083
2442.000 0.100
2443.000 0.088
2444.000 0.087
2445.000 0.079
2446.000 0.084
2447.000 0.084
2448.000 0.077
2449.000 0.070
2450.000 0.080
2451.000 0.077
2452.000 0.080
2453.000 0.077
2454.000 0.071
2455.000 0.076
2456.000 0.073
2457.000 0.078
2458.000 0.078
2459.000 0.075
2460.000 0.083
2461.000 0.072
2462.000 0.080
2463.000 0.068
2464.000 0.073
2465.000 0.071
2466.000 0.072
2467.000 0.075
2468.000 0.065
2469.000 0.075
2470.000 0.070
2471.000 0.071
2472.000 0.073
2473.000 0.071
2474.000 0.076
2475.000 0.070
2476.000 0.065
2477.000 0.070
2478.000 0.075
2479.000 0.078
2480.000 0.066
2481.000 0.077
2482.000 0.069
2483.000 0.071
2484.000 0.072
2485.000 0.071
2486.000 0.066
2487.000 0.065
2488.000 0.069
2489.000 0.064
2490.000 0.070
2491.000 0.062
2492.000 0.070
2493.000 0.069
2494.000 0.069
2495.000 0.073
2496.000 0.066
2497.000 0.066
2498.000 0.065
2499.000 0.070
2500.000 0.073
2501.000 0.072
2502.000 0.073
2503.000 0.058
2504.000 0.068
2505.000 0.067
2506.000 0.067
2507.000 0.070
2508.000 0.071
2509.000 0.068
2510.000 0.073
2511.000 0.069
2512.000 0.072
2513.000 0.069
2514.000 0.072
2515.000 0.065
2516.000 0.077
2517.000 0.075
2518.000 0.075
2519.000 0.075
2520.000 0.069
2521.000 0.068
2522.000 0.065
2523.000 0.076
2524.000 0.079
2525.000 0.071
2526.000 0.075
2527.000 0.066
2528.000 0.071
2529.000 0.073
2530.000 0.070
2531.000 0.070
2532.000 0.071
2533.000 0.070
2534.000 0.071
2535.000 0.066
2536.000 0.069
2537.000 0.073
2538.000 0.072
2539.000 0.074
2540.000 0.062
2541.000 0.073
2542.000 0.069
2543.000 0.073
2544.000 0.071
2545.000 0.070
2546.000 0.072
2547.000 0.076
2548.000 0.074
2549.000 0.072
2550.000 0.076
2551.000 0.073
2552.000 0.070
2553.000 0.077
2554.000 0.068
2555.000 0.073
2556.000 0.077
2557.000 0.068
2558.000 0.071
2559.000 0.073
2560.000 0.073
2561.000 0.072
2562.000 0.070
2563.000 0.070
2564.000 0.075
2565.000 0.070
2566.000 0.075
2567.000 0.076
2568.000 0.072
2569.000 0.084
2570.000 0.075
2571.000 0.075
2572.000 0.074
2573.000 0.075
2574.000 0.066
2575.000 0.076
2576.000 0.068
2577.000 0.085
2578.000 0.073
2579.000 0.077
2580.000 0.080
2581.000 0.069
2582.000 0.076
2583.000 0.088
2584.000 0.080
2585.000 0.074
2586.000 0.077
2587.000 0.079
2588.000 0.081
2589.000 0.071
2590.000 0.080
2591.000 0.070
2592.000 0.069
2593.000 0.082
2594.000 0.080
2595.000 0.085
2596.000 0.082
2597.000 0.086
2598.000 0.078
2599.000 0.075
2600.000 0.071
