1801.000 0.389
1802.000 0.398
1803.000 0.387
1804.000 0.398
1805.000 0.398
1806.000 0.401
1807.000 0.415
1808.000 0.405
1809.000 0.416
1810.000 0.428
1811.000 0.420
1812.000 0.413
1813.000 0.416
1814.000 0.419
1815.000 0.425
1816.000 0.434
1817.000 0.424
1818.000 0.428
1819.000 0.430
1820.000 0.426
1821.000 0.440
1822.000 0.443
1823.000 0.450
1824.000 0.442
1825.000 0.451
1826.000 0.451
1827.000 0.453
1828.000 0.450
1829.000 0.459
1830.000 0.465
1831.000 0.461
1832.000 0.463
1833.000 0.464
1834.000 0.473
1835.000 0.475
1836.000 0.478
1837.000 0.482
1838.000 0.482
1839.000 0.480
1840.000 0.480
1841.000 0.485
1842.000 0.485
1843.000 0.484
1844.000 0.494
1845.000 0.501
1846.000 0.492
1847.000 0.502
1848.000 0.507
1849.000 0.505
1850.000 0.501
1851.000 0.507
1852.000 0.513
1853.000 0.507
1854.000 0.516
1855.000 0.522
1856.000 0.521
1857.000 0.512
1858.000 0.531
1859.000 0.532
1860.000 0.528
1861.000 0.530
1862.000 0.522
1863.000 0.539
1864.000 0.537
1865.000 0.519
1866.000 0.545
1867.000 0.554
1868.000 0.546
1869.000 0.542
1870.000 0.548
1871.000 0.545
1872.000 0.560
1873.000 0.581
1874.000 0.552
1875.000 0.566
1876.000 0.570
1877.000 0.557
1878.000 0.565
1879.000 0.570
1880.000 0.568
1881.000 0.571
1882.000 0.581
1883.000 0.579
1884.000 0.579
1885.000 0.587
1886.000 0.611
1887.000 0.582
1888.000 0.578
1889.000 0.593
1890.000 0.593
1891.000 0.583
1892.000 0.581
1893.000 0.584
1894.000 0.603
1895.000 0.600
1896.000 0.591
1897.000 0.625
1898.000 0.604
1899.000 0.618
1900.000 0.599
1901.000 0.645
1902.000 0.601
1903.000 0.618
1904.000 0.627
1905.000 0.630
1906.000 0.637
1907.000 0.643
1908.000 0.631
1909.000 0.623
1910.000 0.628
1911.000 0.631
1912.000 0.638
1913.000 0.629
1914.000 0.643
1915.000 0.666
1916.000 0.638
1917.000 0.656
1918.000 0.665
1919.000 0.648
1920.000 0.667
1921.000 0.662
1922.000 0.673
1923.000 0.649
1924.000 0.661
1925.000 0.664
1926.000 0.686
1927.000 0.648
1928.000 0.664
1929.000 0.692
1930.000 0.684
1931.000 0.706
1932.000 0.708
1933.000 0.669
1934.000 0.685
1935.000 0.714
1936.000 0.697
1937.000 0.722
1938.000 0.723
1939.000 0.735
1940.000 0.694
1941.000 0.715
1942.000 0.709
1943.000 0.730
1944.000 0.706
1945.000 0.731
1946.000 0.739
1947.000 0.735
1948.000 0.720
1949.000 0.701
1950.000 0.732
1951.000 0.771
1952.000 0.744
1953.000 0.737
1954.000 0.746
1955.000 0.749
1956.000 0.806
1957.000 0.798
1958.000 0.761
1959.000 0.775
1960.000 0.808
1961.000 0.741
1962.000 0.799
1963.000 0.767
1964.000 0.798
1965.000 0.780
1966.000 0.766
1967.000 0.790
1968.000 0.844
1969.000 0.834
1970.000 0.841
1971.000 0.818
1972.000 0.810
1973.000 0.796
1974.000 0.796
1975.000 0.864
1976.000 0.851
1977.000 0.821
1978.000 0.859
1979.000 0.855
1980.000 0.836
1981.000 0.885
1982.000 0.860
1983.000 0.823
1984.000 0.885
1985.000 0.859
1986.000 0.845
1987.000 0.892
1988.000 0.884
1989.000 0.898
1990.000 0.929
1991.000 0.903
1992.000 0.923
1993.000 0.957
1994.000 0.940
1995.000 0.967
1996.000 0.948
1997.000 0.974
1998.000 0.939
1999.000 0.991
2000.000 0.988
2001.000 1.025
2002.000 1.027
2003.000 1.040
2004.000 1.054
2005.000 1.047
2006.000 0.978
2007.000 1.051
2008.000 1.065
2009.000 1.060
2010.000 1.100
2011.000 1.079
2012.000 1.119
2013.000 1.096
2014.000 1.116
2015.000 1.131
2016.000 1.135
2017.000 1.164
2018.000 1.199
2019.000 1.204
2020.000 1.232
2021.000 1.182
2022.000 1.214
2023.000 1.264
2024.000 1.273
2025.000 1.264
2026.000 1.309
2027.000 1.297
2028.000 1.326
2029.000 1.368
2030.000 1.363
2031.000 1.362
2032.000 1.429
2033.000 1.418
2034.000 1.447
2035.000 1.448
2036.000 1.490
2037.000 1.502
2038.000 1.552
2039.000 1.563
2040.000 1.579
2041.000 1.618
2042.000 1.721
2043.000 1.664
2044.000 1.720
2045.000 1.734
2046.000 1.752
2047.000 1.801
2048.000 1.875
2049.000 1.866
2050.000 1.969
2051.000 1.990
2052.000 2.231
2053.000 2.068
2054.000 2.100
2055.000 2.182
2056.000 2.237
2057.000 2.279
2058.000 2.301
2059.000 2.406
2060.000 2.495
2061.000 2.551
2062.000 2.626
2063.000 2.743
2064.000 2.830
2065.000 2.911
2066.000 3.002
2067.000 3.149
2068.000 3.263
2069.000 3.305
2070.000 3.426
2071.000 3.612
2072.000 3.746
2073.000 3.955
2074.000 4.118
2075.000 4.347
2076.000 4.574
2077.000 4.880
2078.000 5.044
2079.000 5.361
2080.000 5.711
2081.000 6.060
2082.000 6.244
2083.000 6.678
2084.000 7.093
2085.000 7.567
2086.000 8.078
2087.000 8.588
2088.000 9.065
2089.000 9.403
2090.000 9.875
2091.000 10.153
2092.000 10.198
2093.000 9.956
2094.000 9.841
2095.000 9.453
2096.000 8.926
2097.000 8.429
2098.000 7.852
2099.000 7.317
2100.000 6.866
2101.000 6.405
2102.000 5.995
2103.000 5.585
2104.000 5.259
2105.000 5.197
2106.000 4.777
2107.000 4.582
2108.000 4.320
2109.000 4.104
2110.000 3.886
2111.000 3.739
2112.000 3.565
2113.000 3.446
2114.000 3.304
2115.000 3.173
2116.000 3.063
2117.000 2.649
2118.000 2.907
2119.000 3.108
2120.000 2.680
2121.000 2.605
2122.000 2.528
2123.000 2.428
2124.000 2.378
2125.000 2.296
2126.000 2.230
2127.000 2.189
2128.000 2.134
2129.000 2.096
2130.000 2.042
2131.000 2.007
2132.000 1.975
2133.000 1.932
2134.000 1.880
2135.000 1.833
2136.000 1.818
2137.000 1.769
2138.000 1.722
2139.000 1.708
2140.000 1.681
2141.000 1.624
2142.000 1.607
2143.000 1.604
2144.000 1.563
2145.000 1.558
2146.000 1.532
2147.000 1.505
2148.000 1.472
2149.000 1.430
2150.000 1.407
2151.000 1.413
2152.000 1.394
2153.000 1.371
2154.000 1.363
2155.000 1.330
2156.000 1.334
2157.000 1.318
2158.000 1.293
2159.000 1.277
2160.000 1.275
2161.000 1.262
2162.000 1.243
2163.000 1.250
2164.000 1.224
2165.000 1.214
2166.000 1.193
2167.000 1.207
2168.000 1.180
2169.000 1.183
2170.000 1.180
2171.000 1.164
2172.000 1.146
2173.000 1.155
2174.000 1.146
2175.000 1.130
2176.000 1.107
2177.000 1.246
2178.000 1.135
2179.000 1.143
2180.000 1.129
2181.000 1.101
2182.000 1.093
2183.000 1.110
2184.000 1.093
2185.000 1.081
2186.000 1.060
2187.000 1.072
2188.000 1.074
2189.000 1.064
2190.000 1.052
2191.000 1.052
2192.000 1.067
2193.000 1.058
2194.000 1.058
2195.000 1.060
2196.000 1.066
2197.000 1.073
2198.000 1.068
2199.000 1.067
2200.000 1.062
2201.000 1.070
2202.000 1.079
2203.000 1.063
2204.000 1.073
2205.000 1.085
2206.000 1.086
2207.000 1.088
2208.000 1.077
2209.000 1.081
2210.000 1.105
2211.000 1.106
2212.000 1.114
2213.000 1.137
2214.000 1.144
2215.000 1.129
2216.000 1.145
2217.000 1.144
2218.000 1.151
2219.000 1.174
2220.000 1.191
2221.000 1.210
2222.000 1.216
2223.000 1.238
2224.000 1.226
2225.000 1.277
2226.000 1.282
2227.000 1.321
2228.000 1.317
2229.000 1.353
2230.000 1.372
2231.000 1.380
2232.000 1.446
2233.000 1.489
2234.000 1.453
2235.000 1.523
2236.000 1.553
2237.000 1.603
2238.000 1.658
2239.000 1.705
2240.000 1.728
2241.000 1.757
2242.000 1.842
2243.000 1.910
2244.000 2.004
2245.000 2.082
2246.000 2.159
2247.000 2.277
2248.000 2.364
2249.000 2.470
2250.000 2.625
2251.000 2.674
2252.000 2.763
2253.000 3.033
2254.000 3.195
2255.000 3.446
2256.000 3.662
2257.000 3.929
2258.000 4.190
2259.000 4.382
2260.000 4.618
2261.000 4.844
2262.000 4.938
2263.000 4.979
2264.000 4.986
2265.000 4.686
2266.000 4.406
2267.000 4.033
2268.000 3.679
2269.000 3.282
2270.000 2.984
2271.000 2.752
2272.000 2.507
2273.000 2.294
2274.000 2.162
2275.000 1.974
2276.000 1.906
2277.000 1.772
2278.000 1.638
2279.000 1.549
2280.000 1.440
2281.000 1.371
2282.000 1.275
2283.000 1.197
2284.000 1.162
2285.000 1.093
2286.000 1.052
2287.000 0.946
2288.000 0.944
2289.000 0.922
2290.000 0.895
2291.000 0.822
2292.000 0.806
2293.000 0.798
2294.000 0.736
2295.000 0.732
2296.000 0.677
2297.000 0.664
2298.000 0.646
2299.000 0.602
2300.000 0.601
2301.000 0.582
2302.000 0.571
2303.000 0.552
2304.000 0.512
2305.000 0.517
2306.000 0.503
2307.000 0.472
2308.000 0.468
2309.000 0.486
2310.000 0.412
2311.000 0.419
2312.000 0.412
2313.000 0.434
2314.000 0.392
2315.000 0.410
2316.000 0.380
2317.000 0.379
2318.000 0.335
2319.000 0.347
2320.000 0.344
2321.000 0.327
2322.000 0.310
2323.000 0.315
2324.000 0.301
2325.000 0.304
2326.000 0.303
2327.000 0.280
2328.000 0.286
2329.000 0.273
2330.000 0.272
2331.000 0.264
2332.000 0.250
2333.000 0.249
2334.000 0.241
2335.000 0.245
2336.000 0.246
2337.000 0.240
2338.000 0.220
2339.000 0.220
2340.000 0.219
2341.000 0.215
2342.000 0.209
2343.000 0.208
2344.000 0.215
2345.000 0.200
2346.000 0.194
2347.000 0.190
2348.000 0.200
2349.000 0.185
2350.000 0.174
2351.000 0.178
2352.000 0.193
2353.000 0.171
2354.000 0.169
2355.000 0.165
2356.000 0.162
2357.000 0.172
2358.000 0.161
2359.000 0.161
2360.000 0.157
2361.000 0.153
2362.000 0.149
2363.000 0.165
2364.000 0.153
2365.000 0.152
2366.000 0.163
2367.000 0.146
2368.000 0.142
2369.000 0.150
2370.000 0.150
2371.000 0.143
2372.000 0.136
2373.000 0.129
2374.000 0.130
2375.000 0.145
2376.000 0.169
2377.000 0.113
2378.000 0.119
2379.000 0.126
2380.000 0.123
2381.000 0.120
2382.000 0.113
2383.000 0.132
2384.000 0.120
2385.000 0.117
2386.000 0.126
2387.000 0.116
2388.000 0.120
2389.000 0.105
2390.000 0.101
2391.000 0.105
2392.000 0.102
2393.000 0.099
2394.000 0.110
2395.000 0.105
2396.000 0.106
2397.000 0.088
2398.000 0.100
2399.000 0.099
2400.000 0.092
2401.000 0.090
2402.000 0.097
2403.000 0.102
2404.000 0.089
2405.000 0.089
2406.000 0.087
2407.000 0.094
2408.000 0.088
2409.000 0.091
2410.000 0.086
2411.000 0.073
2412.000 0.092
2413.000 0.089
2414.000 0.080
2415.000 0.083
2416.000 0.081
2417.000 0.079
2418.000 0.079
2419.000 0.077
2420.000 0.100
2421.000 0.091
2422.000 0.075
2423.000 0.080
2424.000 0.075
2425.000 0.079
2426.000 0.086
2427.000 0.078
2428.000 0.077
2429.000 0.075
2430.000 0.068
2431.000 0.082
2432.000 0.067
2433.000 0.070
2434.000 0.072
2435.000 0.075
2436.000 0.069
2437.000 0.067
2438.000 0.079
2439.000 0.073
2440.000 0.069
2441.000 0.059
2442.000 0.072
2443.000 0.064
2444.000 0.074
2445.000 0.062
2446.000 0.072
2447.000 0.061
2448.000 0.065
2449.000 0.062
2450.000 0.072
2451.000 0.068
2452.000 0.066
2453.000 0.060
2454.000 0.060
2455.000 0.071
2456.000 0.061
2457.000 0.063
2458.000 0.060
2459.000 0.070
2460.000 0.060
2461.000 0.062
2462.000 0.061
2463.000 0.057
2464.000 0.062
2465.000 0.063
2466.000 0.059
2467.000 0.062
2468.000 0.064
2469.000 0.067
2470.000 0.050
2471.000 0.060
2472.000 0.062
2473.000 0.063
2474.000 0.055
2475.000 0.051
2476.000 0.054
2477.000 0.050
2478.000 0.056
2479.000 0.054
2480.000 0.058
2481.000 0.056
2482.000 0.056
2483.000 0.062
2484.000 0.054
2485.000 0.057
2486.000 0.055
2487.000 0.056
2488.000 0.056
2489.000 0.062
2490.000 0.065
2491.000 0.056
2492.000 0.062
2493.000 0.049
2494.000 0.056
2495.000 0.054
2496.000 0.058
2497.000 0.061
2498.000 0.061
2499.000 0.059
2500.000 0.060
2501.000 0.054
2502.000 0.061
2503.000 0.054
2504.000 0.052
2505.000 0.054
2506.000 0.054
2507.000 0.055
2508.000 0.057
2509.000 0.052
2510.000 0.051
2511.000 0.065
2512.000 0.058
2513.000 0.056
2514.000 0.064
2515.000 0.060
2516.000 0.060
2517.000 0.056
2518.000 0.051
2519.000 0.060
2520.000 0.062
2521.000 0.054
2522.000 0.059
2523.000 0.065
2524.000 0.059
2525.000 0.056
2526.000 0.056
2527.000 0.052
2528.000 0.059
2529.000 0.050
2530.000 0.056
2531.000 0.056
2532.000 0.055
2533.000 0.055
2534.000 0.058
2535.000 0.058
2536.000 0.059
2537.000 0.061
2538.000 0.054
2539.000 0.051
2540.000 0.056
2541.000 0.059
2542.000 0.048
2543.000 0.066
2544.000 0.053
2545.000 0.051
2546.000 0.048
2547.000 0.057
2548.000 0.060
2549.000 0.064
2550.000 0.050
2551.000 0.060
2552.000 0.055
2553.000 0.054
2554.000 0.056
2555.000 0.051
2556.000 0.058
2557.000 0.062
2558.000 0.058
2559.000 0.052
2560.000 0.054
2561.000 0.059
2562.000 0.060
2563.000 0.057
2564.000 0.058
2565.000 0.059
2566.000 0.059
2567.000 0.064
2568.000 0.056
2569.000 0.055
2570.000 0.066
2571.000 0.061
2572.000 0.068
2573.000 0.057
2574.000 0.067
2575.000 0.062
2576.000 0.063
2577.000 0.061
2578.000 0.063
2579.000 0.061
2580.000 0.058
2581.000 0.060
2582.000 0.067
2583.000 0.061
2584.000 0.070
2585.000 0.066
2586.000 0.064
2587.000 0.064
2588.000 0.059
2589.000 0.068
2590.000 0.066
2591.000 0.069
2592.000 0.071
2593.000 0.059
2594.000 0.059
2595.000 0.067
2596.000 0.068
2597.000 0.069
2598.000 0.063
2599.000 0.071
2600.000 0.070
