1801.000 0.408
1802.000 0.422
1803.000 0.418
1804.000 0.418
1805.000 0.421
1806.000 0.420
1807.000 0.415
1808.000 0.419
1809.000 0.425
1810.000 0.440
1811.000 0.435
1812.000 0.430
1813.000 0.437
1814.000 0.451
1815.000 0.442
1816.000 0.437
1817.000 0.453
1818.000 0.442
1819.000 0.454
1820.000 0.449
1821.000 0.458
1822.000 0.461
1823.000 0.457
1824.000 0.463
1825.000 0.461
1826.000 0.479
1827.000 0.468
1828.000 0.470
1829.000 0.484
1830.000 0.475
1831.000 0.481
1832.000 0.485
1833.000 0.481
1834.000 0.500
1835.000 0.483
1836.000 0.511
1837.000 0.491
1838.000 0.485
1839.000 0.506
1840.000 0.503
1841.000 0.503
1842.000 0.516
1843.000 0.513
1844.000 0.509
1845.000 0.506
1846.000 0.520
1847.000 0.523
1848.000 0.514
1849.000 0.530
1850.000 0.527
1851.000 0.542
1852.000 0.520
1853.000 0.528
1854.000 0.536
1855.000 0.519
1856.000 0.544
1857.000 0.535
1858.000 0.546
1859.000 0.530
1860.000 0.546
1861.000 0.538
1862.000 0.534
1863.000 0.567
1864.000 0.551
1865.000 0.552
1866.000 0.568
1867.000 0.555
1868.000 0.575
1869.000 0.558
1870.000 0.574
1871.000 0.567
1872.000 0.594
1873.000 0.581
1874.000 0.579
1875.000 0.592
1876.000 0.595
1877.000 0.580
1878.000 0.580
1879.000 0.583
1880.000 0.591
1881.000 0.600
1882.000 0.608
1883.000 0.587
1884.000 0.603
1885.000 0.590
1886.000 0.598
1887.000 0.621
1888.000 0.613
1889.000 0.617
1890.000 0.630
1891.000 0.617
1892.000 0.628
1893.000 0.643
1894.000 0.615
1895.000 0.623
1896.000 0.636
1897.000 0.651
1898.000 0.621
1899.000 0.645
1900.000 0.639
1901.000 0.652
1902.000 0.647
1903.000 0.619
1904.000 0.641
1905.000 0.654
1906.000 0.638
1907.000 0.659
1908.000 0.661
1909.000 0.654
1910.000 0.662
1911.000 0.679
1912.000 0.676
1913.000 0.670
1914.000 0.668
1915.000 0.663
1916.000 0.652
1917.000 0.698
1918.000 0.688
1919.000 0.659
1920.000 0.678
1921.000 0.697
1922.000 0.702
1923.000 0.700
1924.000 0.691
1925.000 0.675
1926.000 0.702
1927.000 0.708
1928.000 0.684
1929.000 0.692
1930.000 0.706
1931.000 0.723
1932.000 0.709
1933.000 0.725
1934.000 0.717
1935.000 0.728
1936.000 0.703
1937.000 0.742
1938.000 0.732
1939.000 0.719
1940.000 0.721
1941.000 0.739
1942.000 0.749
1943.000 0.734
1944.000 0.736
1945.000 0.760
1946.000 0.742
1947.000 0.788
1948.000 0.733
1949.000 0.763
1950.000 0.766
1951.000 0.769
1952.000 0.792
1953.000 0.793
1954.000 0.788
1955.000 0.790
1956.000 0.769
1957.000 0.794
1958.000 0.794
1959.000 0.773
1960.000 0.811
1961.000 0.771
1962.000 0.820
1963.000 0.789
1964.000 0.819
1965.000 0.820
1966.000 0.819
1967.000 0.827
1968.000 0.862
1969.000 0.844
1970.000 0.834
1971.000 0.850
1972.000 0.869
1973.000 0.841
1974.000 0.843
1975.000 0.890
1976.000 0.877
1977.000 0.852
1978.000 0.893
1979.000 0.889
1980.000 0.891
1981.000 0.896
1982.000 0.905
1983.000 0.909
1984.000 0.894
1985.000 0.908
1986.000 0.914
1987.000 0.919
1988.000 0.913
1989.000 0.931
1990.000 0.968
1991.000 0.959
1992.000 0.970
1993.000 0.984
1994.000 0.954
1995.000 0.975
1996.000 0.984
1997.000 0.999
1998.000 0.996
1999.000 1.029
2000.000 1.027
2001.000 1.020
2002.000 1.030
2003.000 1.039
2004.000 1.058
2005.000 1.067
2006.000 1.076
2007.000 1.059
2008.000 1.093
2009.000 1.107
2010.000 1.173
2011.000 1.105
2012.000 1.103
2013.000 1.200
2014.000 1.145
2015.000 1.142
2016.000 1.214
2017.000 1.234
2018.000 1.344
2019.000 1.239
2020.000 1.467
2021.000 1.124
2022.000 1.125
2023.000 1.303
2024.000 1.296
2025.000 1.285
2026.000 1.327
2027.000 1.326
2028.000 1.345
2029.000 1.367
2030.000 1.359
2031.000 1.433
2032.000 1.443
2033.000 1.432
2034.000 1.470
2035.000 1.504
2036.000 1.517
2037.000 1.537
2038.000 1.554
2039.000 1.558
2040.000 1.605
2041.000 1.667
2042.000 1.666
2043.000 1.704
2044.000 1.728
2045.000 1.795
2046.000 1.789
2047.000 1.848
2048.000 1.861
2049.000 1.900
2050.000 1.949
2051.000 1.994
2052.000 2.063
2053.000 2.086
2054.000 2.184
2055.000 2.214
2056.000 2.220
2057.000 2.313
2058.000 2.376
2059.000 2.417
2060.000 2.492
2061.000 2.564
2062.000 2.633
2063.000 2.735
2064.000 2.818
2065.000 2.915
2066.000 3.018
2067.000 3.158
2068.000 3.238
2069.000 3.375
2070.000 3.527
2071.000 3.629
2072.000 3.672
2073.000 3.926
2074.000 4.105
2075.000 4.326
2076.000 4.518
2077.000 4.779
2078.000 5.040
2079.000 5.341
2080.000 5.680
2081.000 6.038
2082.000 6.453
2083.000 6.857
2084.000 7.091
2085.000 7.545
2086.000 8.064
2087.000 8.484
2088.000 8.893
2089.000 9.325
2090.000 9.638
2091.000 9.884
2092.000 9.964
2093.000 9.815
2094.000 9.569
2095.000 9.168
2096.000 8.943
2097.000 8.416
2098.000 7.827
2099.000 7.283
2100.000 6.763
2101.000 6.310
2102.000 5.901
2103.000 5.551
2104.000 5.214
2105.000 4.899
2106.000 4.716
2107.000 4.437
2108.000 4.306
2109.000 4.062
2110.000 3.896
2111.000 3.716
2112.000 3.568
2113.000 3.406
2114.000 3.258
2115.000 3.109
2116.000 3.003
2117.000 2.881
2118.000 2.807
2119.000 2.670
2120.000 2.564
2121.000 2.521
2122.000 2.483
2123.000 2.415
2124.000 2.349
2125.000 2.309
2126.000 2.203
2127.000 2.128
2128.000 2.102
2129.000 2.059
2130.000 2.003
2131.000 1.940
2132.000 1.904
2133.000 1.883
2134.000 1.830
2135.000 1.776
2136.000 1.748
2137.000 1.739
2138.000 1.686
2139.000 1.653
2140.000 1.590
2141.000 1.555
2142.000 1.558
2143.000 1.528
2144.000 1.508
2145.000 1.493
2146.000 1.467
2147.000 1.442
2148.000 1.417
2149.000 1.398
2150.000 1.380
2151.000 1.348
2152.000 1.343
2153.000 1.323
2154.000 1.294
2155.000 1.308
2156.000 1.269
2157.000 1.261
2158.000 1.275
2159.000 1.229
2160.000 1.213
2161.000 1.205
2162.000 1.193
2163.000 1.177
2164.000 1.170
2165.000 1.165
2166.000 1.158
2167.000 1.141
2168.000 1.123
2169.000 1.136
2170.000 1.125
2171.000 1.101
2172.000 1.097
2173.000 1.080
2174.000 1.084
2175.000 1.078
2176.000 1.067
2177.000 1.083
2178.000 1.054
2179.000 1.043
2180.000 1.080
2181.000 1.030
2182.000 1.023
2183.000 1.015
2184.000 1.020
2185.000 1.001
2186.000 1.001
2187.000 1.002
2188.000 0.993
2189.000 0.998
2190.000 0.997
2191.000 0.992
2192.000 0.998
2193.000 0.984
2194.000 0.989
2195.000 1.006
2196.000 1.003
2197.000 0.983
2198.000 0.984
2199.000 0.984
2200.000 1.002
2201.000 0.990
2202.000 0.982
2203.000 1.000
2204.000 1.005
2205.000 0.998
2206.000 1.008
2207.000 1.005
2208.000 1.016
2209.000 1.064
2210.000 1.006
2211.000 0.996
2212.000 1.031
2213.000 1.040
2214.000 1.040
2215.000 1.039
2216.000 1.047
2217.000 1.061
2218.000 1.069
2219.000 1.090
2220.000 1.084
2221.000 1.101
2222.000 1.108
2223.000 1.123
2224.000 1.162
2225.000 1.143
2226.000 1.191
2227.000 1.195
2228.000 1.196
2229.000 1.239
2230.000 1.238
2231.000 1.265
2232.000 1.292
2233.000 1.311
2234.000 1.342
2235.000 1.366
2236.000 1.383
2237.000 1.426
2238.000 1.451
2239.000 1.504
2240.000 1.567
2241.000 1.628
2242.000 1.651
2243.000 1.713
2244.000 1.756
2245.000 1.848
2246.000 1.894
2247.000 1.988
2248.000 2.053
2249.000 2.170
2250.000 2.292
2251.000 2.413
2252.000 2.531
2253.000 2.697
2254.000 2.780
2255.000 2.974
2256.000 3.172
2257.000 3.403
2258.000 3.614
2259.000 3.888
2260.000 4.065
2261.000 4.220
2262.000 4.318
2263.000 4.324
2264.000 4.192
2265.000 3.982
2266.000 3.839
2267.000 3.559
2268.000 3.264
2269.000 2.948
2270.000 2.686
2271.000 2.406
2272.000 2.226
2273.000 2.067
2274.000 1.866
2275.000 1.731
2276.000 1.591
2277.000 1.491
2278.000 1.411
2279.000 1.348
2280.000 1.264
2281.000 1.195
2282.000 1.100
2283.000 1.044
2284.000 1.014
2285.000 0.974
2286.000 0.877
2287.000 0.881
2288.000 0.772
2289.000 0.750
2290.000 0.882
2291.000 0.729
2292.000 0.627
2293.000 0.651
2294.000 0.635
2295.000 0.594
2296.000 0.547
2297.000 0.592
2298.000 0.487
2299.000 0.595
2300.000 0.431
2301.000 0.552
2302.000 0.446
2303.000 0.480
2304.000 0.427
2305.000 0.415
2306.000 0.420
2307.000 0.393
2308.000 0.399
2309.000 0.371
2310.000 0.361
2311.000 0.346
2312.000 0.356
2313.000 0.326
2314.000 0.311
2315.000 0.327
2316.000 0.308
2317.000 0.303
2318.000 0.298
2319.000 0.287
2320.000 0.276
2321.000 0.253
2322.000 0.259
2323.000 0.256
2324.000 0.245
2325.000 0.256
2326.000 0.240
2327.000 0.232
2328.000 0.221
2329.000 0.218
2330.000 0.219
2331.000 0.210
2332.000 0.205
2333.000 0.206
2334.000 0.188
2335.000 0.193
2336.000 0.193
2337.000 0.177
2338.000 0.184
2339.000 0.189
2340.000 0.181
2341.000 0.173
2342.000 0.161
2343.000 0.164
2344.000 0.163
2345.000 0.155
2346.000 0.158
2347.000 0.153
2348.000 0.152
2349.000 0.153
2350.000 0.148
2351.000 0.150
2352.000 0.140
2353.000 0.138
2354.000 0.306
2355.000 0.257
2356.000 0.213
2357.000 0.134
2358.000 0.142
2359.000 0.181
2360.000 0.139
2361.000 0.164
2362.000 0.117
2363.000 0.119
2364.000 0.139
2365.000 0.160
2366.000 0.118
2367.000 0.111
2368.000 0.120
2369.000 0.105
2370.000 0.160
2371.000 0.173
2372.000 0.107
2373.000 0.099
2374.000 0.087
2375.000 0.262
2376.000 0.295
2377.000 0.146
2378.000 0.118
2379.000 0.124
2380.000 0.096
2381.000 0.109
2382.000 0.100
2383.000 0.234
2384.000 0.104
2385.000 0.088
2386.000 0.097
2387.000 0.088
2388.000 0.089
2389.000 0.081
2390.000 0.092
2391.000 0.085
2392.000 0.074
2393.000 0.083
2394.000 0.091
2395.000 0.114
2396.000 0.074
2397.000 0.084
2398.000 0.065
2399.000 0.075
2400.000 0.084
2401.000 0.066
2402.000 0.080
2403.000 0.088
2404.000 0.083
2405.000 0.069
2406.000 0.074
2407.000 0.066
2408.000 0.061
2409.000 0.063
2410.000 0.060
2411.000 0.063
2412.000 0.067
2413.000 0.057
2414.000 0.059
2415.000 0.054
2416.000 0.058
2417.000 0.061
2418.000 0.055
2419.000 0.066
2420.000 0.061
2421.000 0.057
2422.000 0.056
2423.000 0.061
2424.000 0.063
2425.000 0.055
2426.000 0.055
2427.000 0.058
2428.000 0.052
2429.000 0.046
2430.000 0.048
2431.000 0.066
2432.000 0.156
2433.000 0.062
2434.000 0.057
2435.000 0.047
2436.000 0.056
2437.000 0.044
2438.000 0.058
2439.000 0.062
2440.000 0.049
2441.000 0.053
2442.000 0.050
2443.000 0.050
2444.000 0.053
2445.000 0.056
2446.000 0.057
2447.000 0.047
2448.000 0.058
2449.000 0.045
2450.000 0.049
2451.000 0.045
2452.000 0.049
2453.000 0.048
2454.000 0.051
2455.000 0.053
2456.000 0.038
2457.000 0.051
2458.000 0.045
2459.000 0.042
2460.000 0.046
2461.000 0.048
2462.000 0.046
2463.000 0.044
2464.000 0.048
2465.000 0.048
2466.000 0.048
2467.000 0.047
2468.000 0.048
2469.000 0.046
2470.000 0.042
2471.000 0.049
2472.000 0.043
2473.000 0.042
2474.000 0.050
2475.000 0.049
2476.000 0.044
2477.000 0.047
2478.000 0.055
2479.000 0.048
2480.000 0.045
2481.000 0.049
2482.000 0.049
2483.000 0.047
2484.000 0.046
2485.000 0.039
2486.000 0.041
2487.000 0.047
2488.000 0.044
2489.000 0.045
2490.000 0.042
2491.000 0.038
2492.000 0.037
2493.000 0.038
2494.000 0.041
2495.000 0.041
2496.000 0.032
2497.000 0.039
2498.000 0.035
2499.000 0.047
2500.000 0.048
2501.000 0.038
2502.000 0.034
2503.000 0.048
2504.000 0.048
2505.000 0.042
2506.000 0.042
2507.000 0.040
2508.000 0.041
2509.000 0.050
2510.000 0.043
2511.000 0.041
2512.000 0.041
2513.000 0.039
2514.000 0.042
2515.000 0.042
2516.000 0.039
2517.000 0.046
2518.000 0.037
2519.000 0.037
2520.000 0.048
2521.000 0.039
2522.000 0.040
2523.000 0.042
2524.000 0.039
2525.000 0.038
2526.000 0.039
2527.000 0.045
2528.000 0.049
2529.000 0.038
2530.000 0.041
2531.000 0.033
2532.000 0.041
2533.000 0.043
2534.000 0.043
2535.000 0.043
2536.000 0.042
2537.000 0.046
2538.000 0.042
2539.000 0.039
2540.000 0.044
2541.000 0.045
2542.000 0.041
2543.000 0.034
2544.000 0.033
2545.000 0.040
2546.000 0.040
2547.000 0.047
2548.000 0.036
2549.000 0.040
2550.000 0.045
2551.000 0.045
2552.000 0.043
2553.000 0.040
2554.000 0.044
2555.000 0.043
2556.000 0.041
2557.000 0.044
2558.000 0.049
2559.000 0.047
2560.000 0.046
2561.000 0.041
2562.000 0.046
2563.000 0.045
2564.000 0.047
2565.000 0.043
2566.000 0.049
2567.000 0.044
2568.000 0.049
2569.000 0.048
2570.000 0.048
2571.000 0.043
2572.000 0.050
2573.000 0.052
2574.000 0.043
2575.000 0.047
2576.000 0.042
2577.000 0.046
2578.000 0.048
2579.000 0.047
2580.000 0.052
2581.000 0.051
2582.000 0.039
2583.000 0.046
2584.000 0.052
2585.000 0.050
2586.000 0.051
2587.000 0.052
2588.000 0.047
2589.000 0.057
2590.000 0.047
2591.000 0.043
2592.000 0.055
2593.000 0.042
2594.000 0.047
2595.000 0.048
2596.000 0.050
2597.000 0.053
2598.000 0.048
2599.000 0.052
2600.000 0.051
