1801.000 0.360
1802.000 0.371
1803.000 0.373
1804.000 0.369
1805.000 0.367
1806.000 0.391
1807.000 0.386
1808.000 0.382
1809.000 0.390
1810.000 0.388
1811.000 0.381
1812.000 0.386
1813.000 0.391
1814.000 0.397
1815.000 0.397
1816.000 0.401
1817.000 0.405
1818.000 0.404
1819.000 0.414
1820.000 0.413
1821.000 0.407
1822.000 0.408
1823.000 0.411
1824.000 0.420
1825.000 0.416
1826.000 0.412
1827.000 0.420
1828.000 0.421
1829.000 0.420
1830.000 0.437
1831.000 0.428
1832.000 0.435
1833.000 0.430
1834.000 0.433
1835.000 0.442
1836.000 0.446
1837.000 0.438
1838.000 0.453
1839.000 0.451
1840.000 0.446
1841.000 0.449
1842.000 0.455
1843.000 0.456
1844.000 0.462
1845.000 0.464
1846.000 0.465
1847.000 0.469
1848.000 0.476
1849.000 0.474
1850.000 0.476
1851.000 0.476
1852.000 0.483
1853.000 0.460
1854.000 0.487
1855.000 0.483
1856.000 0.478
1857.000 0.485
1858.000 0.489
1859.000 0.504
1860.000 0.499
1861.000 0.483
1862.000 0.490
1863.000 0.490
1864.000 0.504
1865.000 0.502
1866.000 0.485
1867.000 0.506
1868.000 0.506
1869.000 0.513
1870.000 0.518
1871.000 0.516
1872.000 0.537
1873.000 0.523
1874.000 0.520
1875.000 0.521
1876.000 0.531
1877.000 0.533
1878.000 0.557
1879.000 0.548
1880.000 0.553
1881.000 0.534
1882.000 0.568
1883.000 0.557
1884.000 0.538
1885.000 0.552
1886.000 0.549
1887.000 0.573
1888.000 0.535
1889.000 0.570
1890.000 0.545
1891.000 0.554
1892.000 0.556
1893.000 0.586
1894.000 0.567
1895.000 0.553
1896.000 0.584
1897.000 0.559
1898.000 0.587
1899.000 0.586
1900.000 0.560
1901.000 0.576
1902.000 0.564
1903.000 0.578
1904.000 0.581
1905.000 0.580
1906.000 0.593
1907.000 0.584
1908.000 0.564
1909.000 0.587
1910.000 0.616
1911.000 0.583
1912.000 0.588
1913.000 0.607
1914.000 0.610
1915.000 0.605
1916.000 0.602
1917.000 0.608
1918.000 0.623
1919.000 0.618
1920.000 0.616
1921.000 0.622
1922.000 0.681
1923.000 1.374
1924.000 0.636
1925.000 0.650
1926.000 0.623
1927.000 0.669
1928.000 0.664
1929.000 0.657
1930.000 0.653
1931.000 0.680
1932.000 0.647
1933.000 0.635
1934.000 0.615
1935.000 0.666
1936.000 0.669
1937.000 0.653
1938.000 0.650
1939.000 0.659
1940.000 0.672
1941.000 0.666
1942.000 0.655
1943.000 0.673
1944.000 0.692
1945.000 0.668
1946.000 0.669
1947.000 0.693
1948.000 0.665
1949.000 0.712
1950.000 0.695
1951.000 0.683
1952.000 0.688
1953.000 0.690
1954.000 0.690
1955.000 0.695
1956.000 0.711
1957.000 0.736
1958.000 0.721
1959.000 0.707
1960.000 0.706
1961.000 0.751
1962.000 0.729
1963.000 0.742
1964.000 0.733
1965.000 0.749
1966.000 0.737
1967.000 0.738
1968.000 0.763
1969.000 0.783
1970.000 0.759
1971.000 0.783
1972.000 0.787
1973.000 0.774
1974.000 0.776
1975.000 0.766
1976.000 0.805
1977.000 0.781
1978.000 0.780
1979.000 0.783
1980.000 0.795
1981.000 0.802
1982.000 0.839
1983.000 0.816
1984.000 0.798
1985.000 0.810
1986.000 0.810
1987.000 0.815
1988.000 0.861
1989.000 0.877
1990.000 0.852
1991.000 0.851
1992.000 0.892
1993.000 0.860
1994.000 0.910
1995.000 0.897
1996.000 0.904
1997.000 0.924
1998.000 0.909
1999.000 0.909
2000.000 0.924
2001.000 0.942
2002.000 0.946
2003.000 0.943
2004.000 0.969
2005.000 0.995
2006.000 0.999
2007.000 0.972
2008.000 0.999
2009.000 0.994
2010.000 1.036
2011.000 1.014
2012.000 1.051
2013.000 1.075
2014.000 1.050
2015.000 1.056
2016.000 1.079
2017.000 1.082
2018.000 1.102
2019.000 1.114
2020.000 1.112
2021.000 1.153
2022.000 1.166
2023.000 1.193
2024.000 1.186
2025.000 1.222
2026.000 1.225
2027.000 1.262
2028.000 1.272
2029.000 1.254
2030.000 1.304
2031.000 1.320
2032.000 1.396
2033.000 1.317
2034.000 1.341
2035.000 1.396
2036.000 1.428
2037.000 1.465
2038.000 1.456
2039.000 1.511
2040.000 1.535
2041.000 1.502
2042.000 1.619
2043.000 1.632
2044.000 1.646
2045.000 1.677
2046.000 1.701
2047.000 1.741
2048.000 1.760
2049.000 1.789
2050.000 1.846
2051.000 1.902
2052.000 1.941
2053.000 1.995
2054.000 2.099
2055.000 2.090
2056.000 2.106
2057.000 2.204
2058.000 2.201
2059.000 2.307
2060.000 2.390
2061.000 2.421
2062.000 2.548
2063.000 2.651
2064.000 2.755
2065.000 2.808
2066.000 2.884
2067.000 3.096
2068.000 3.148
2069.000 3.200
2070.000 3.326
2071.000 3.504
2072.000 3.668
2073.000 3.853
2074.000 4.011
2075.000 4.258
2076.000 4.465
2077.000 4.705
2078.000 5.026
2079.000 5.338
2080.000 5.465
2081.000 5.853
2082.000 6.183
2083.000 6.622
2084.000 7.059
2085.000 7.567
2086.000 8.040
2087.000 8.562
2088.000 8.852
2089.000 9.505
2090.000 9.865
2091.000 10.096
2092.000 10.163
2093.000 10.135
2094.000 9.914
2095.000 9.588
2096.000 9.085
2097.000 8.519
2098.000 7.957
2099.000 7.426
2100.000 6.899
2101.000 6.439
2102.000 6.054
2103.000 5.654
2104.000 5.286
2105.000 5.203
2106.000 4.918
2107.000 4.600
2108.000 4.379
2109.000 4.116
2110.000 3.981
2111.000 3.787
2112.000 3.592
2113.000 3.442
2114.000 3.304
2115.000 3.118
2116.000 3.069
2117.000 3.013
2118.000 2.900
2119.000 2.821
2120.000 2.735
2121.000 2.662
2122.000 2.534
2123.000 2.480
2124.000 2.394
2125.000 2.345
2126.000 2.281
2127.000 2.225
2128.000 2.171
2129.000 2.129
2130.000 2.093
2131.000 2.019
2132.000 1.999
2133.000 1.957
2134.000 1.935
2135.000 1.893
2136.000 1.834
2137.000 1.802
2138.000 1.766
2139.000 1.773
2140.000 1.704
2141.000 1.714
2142.000 1.672
2143.000 1.609
2144.000 1.617
2145.000 1.609
2146.000 1.563
2147.000 1.537
2148.000 1.522
2149.000 1.524
2150.000 1.506
2151.000 1.456
2152.000 1.471
2153.000 1.450
2154.000 1.428
2155.000 1.412
2156.000 1.394
2157.000 1.380
2158.000 1.363
2159.000 1.354
2160.000 1.332
2161.000 1.317
2162.000 1.313
2163.000 1.310
2164.000 1.285
2165.000 1.275
2166.000 1.275
2167.000 1.261
2168.000 1.256
2169.000 1.244
2170.000 1.234
2171.000 1.220
2172.000 1.228
2173.000 1.232
2174.000 1.202
2175.000 1.196
2176.000 1.192
2177.000 1.181
2178.000 1.188
2179.000 1.184
2180.000 1.179
2181.000 1.179
2182.000 1.168
2183.000 1.171
2184.000 1.178
2185.000 1.167
2186.000 1.164
2187.000 1.161
2188.000 1.155
2189.000 1.158
2190.000 1.146
2191.000 1.161
2192.000 1.167
2193.000 1.163
2194.000 1.173
2195.000 1.168
2196.000 1.156
2197.000 1.155
2198.000 1.167
2199.000 1.165
2200.000 1.162
2201.000 1.183
2202.000 1.183
2203.000 1.183
2204.000 1.172
2205.000 1.184
2206.000 1.195
2207.000 1.192
2208.000 1.220
2209.000 1.220
2210.000 1.232
2211.000 1.236
2212.000 1.226
2213.000 1.244
2214.000 1.271
2215.000 1.272
2216.000 1.291
2217.000 1.313
2218.000 1.300
2219.000 1.329
2220.000 1.348
2221.000 1.359
2222.000 1.397
2223.000 1.400
2224.000 1.432
2225.000 1.422
2226.000 1.454
2227.000 1.482
2228.000 1.508
2229.000 1.539
2230.000 1.564
2231.000 1.598
2232.000 1.649
2233.000 1.678
2234.000 1.718
2235.000 1.760
2236.000 1.815
2237.000 1.872
2238.000 1.880
2239.000 1.933
2240.000 2.017
2241.000 2.060
2242.000 2.155
2243.000 2.227
2244.000 2.338
2245.000 2.424
2246.000 2.544
2247.000 2.642
2248.000 2.756
2249.000 2.905
2250.000 3.063
2251.000 3.163
2252.000 3.363
2253.000 3.596
2254.000 3.859
2255.000 4.124
2256.000 4.429
2257.000 4.754
2258.000 5.067
2259.000 5.391
2260.000 5.648
2261.000 5.845
2262.000 5.956
2263.000 5.955
2264.000 5.812
2265.000 5.555
2266.000 5.169
2267.000 4.735
2268.000 4.279
2269.000 3.902
2270.000 3.591
2271.000 3.290
2272.000 3.006
2273.000 2.765
2274.000 2.650
2275.000 2.446
2276.000 2.252
2277.000 2.086
2278.000 1.961
2279.000 1.829
2280.000 1.717
2281.000 1.642
2282.000 1.524
2283.000 1.448
2284.000 1.372
2285.000 1.305
2286.000 1.248
2287.000 1.219
2288.000 1.192
2289.000 1.101
2290.000 1.077
2291.000 1.025
2292.000 0.985
2293.000 0.947
2294.000 0.900
2295.000 0.886
2296.000 0.841
2297.000 0.806
2298.000 0.786
2299.000 0.771
2300.000 0.757
2301.000 0.722
2302.000 0.710
2303.000 0.681
2304.000 0.651
2305.000 0.640
2306.000 0.606
2307.000 0.610
2308.000 0.585
2309.000 0.571
2310.000 0.543
2311.000 0.539
2312.000 0.541
2313.000 0.513
2314.000 0.505
2315.000 0.488
2316.000 0.484
2317.000 0.460
2318.000 0.424
2319.000 0.430
2320.000 0.449
2321.000 0.409
2322.000 0.403
2323.000 0.389
2324.000 0.418
2325.000 0.393
2326.000 0.377
2327.000 0.367
2328.000 0.367
2329.000 0.356
2330.000 0.354
2331.000 0.333
2332.000 0.326
2333.000 0.333
2334.000 0.325
2335.000 0.326
2336.000 0.322
2337.000 0.302
2338.000 0.299
2339.000 0.297
2340.000 0.291
2341.000 0.268
2342.000 0.279
2343.000 0.272
2344.000 0.270
2345.000 0.268
2346.000 0.264
2347.000 0.258
2348.000 0.256
2349.000 0.254
2350.000 0.255
2351.000 0.244
2352.000 0.232
2353.000 0.217
2354.000 0.227
2355.000 0.228
2356.000 0.218
2357.000 0.221
2358.000 0.213
2359.000 0.216
2360.000 0.208
2361.000 0.209
2362.000 0.204
2363.000 0.200
2364.000 0.202
2365.000 0.198
2366.000 0.195
2367.000 0.201
2368.000 0.186
2369.000 0.189
2370.000 0.181
2371.000 0.177
2372.000 0.178
2373.000 0.183
2374.000 0.186
2375.000 0.179
2376.000 0.172
2377.000 0.163
2378.000 0.173
2379.000 0.165
2380.000 0.169
2381.000 0.164
2382.000 0.156
2383.000 0.161
2384.000 0.156
2385.000 0.159
2386.000 0.148
2387.000 0.151
2388.000 0.153
2389.000 0.142
2390.000 0.144
2391.000 0.144
2392.000 0.142
2393.000 0.153
2394.000 0.142
2395.000 0.138
2396.000 0.138
2397.000 0.140
2398.000 0.138
2399.000 0.134
2400.000 0.129
2401.000 0.132
2402.000 0.130
2403.000 0.127
2404.000 0.131
2405.000 0.124
2406.000 0.117
2407.000 0.128
2408.000 0.129
2409.000 0.138
2410.000 0.116
2411.000 0.120
2412.000 0.117
2413.000 0.118
2414.000 0.107
2415.000 0.123
2416.000 0.112
2417.000 0.126
2418.000 0.116
2419.000 0.112
2420.000 0.109
2421.000 0.113
2422.000 0.114
2423.000 0.111
2424.000 0.103
2425.000 0.101
2426.000 0.108
2427.000 0.119
2428.000 0.110
2429.000 0.108
2430.000 0.093
2431.000 0.101
2432.000 0.101
2433.000 0.100
2434.000 0.108
2435.000 0.103
2436.000 0.097
2437.000 0.094
2438.000 0.096
2439.000 0.100
2440.000 0.088
2441.000 0.100
2442.000 0.099
2443.000 0.091
2444.000 0.099
2445.000 0.094
2446.000 0.094
2447.000 0.094
2448.000 0.091
2449.000 0.088
2450.000 0.089
2451.000 0.088
2452.000 0.089
2453.000 0.091
2454.000 0.091
2455.000 0.094
2456.000 0.085
2457.000 0.089
2458.000 0.081
2459.000 0.089
2460.000 0.092
2461.000 0.090
2462.000 0.085
2463.000 0.081
2464.000 0.079
2465.000 0.088
2466.000 0.091
2467.000 0.085
2468.000 0.084
2469.000 0.083
2470.000 0.089
2471.000 0.086
2472.000 0.089
2473.000 0.083
2474.000 0.080
2475.000 0.087
2476.000 0.087
2477.000 0.085
2478.000 0.086
2479.000 0.083
2480.000 0.080
2481.000 0.084
2482.000 0.084
2483.000 0.079
2484.000 0.078
2485.000 0.082
2486.000 0.080
2487.000 0.071
2488.000 0.093
2489.000 0.080
2490.000 0.079
2491.000 0.082
2492.000 0.080
2493.000 0.087
2494.000 0.087
2495.000 0.082
2496.000 0.075
2497.000 0.091
2498.000 0.077
2499.000 0.078
2500.000 0.081
2501.000 0.084
2502.000 0.079
2503.000 0.080
2504.000 0.076
2505.000 0.085
2506.000 0.079
2507.000 0.075
2508.000 0.083
2509.000 0.081
2510.000 0.077
2511.000 0.082
2512.000 0.087
2513.000 0.078
2514.000 0.078
2515.000 0.075
2516.000 0.084
2517.000 0.076
2518.000 0.082
2519.000 0.080
2520.000 0.074
2521.000 0.080
2522.000 0.087
2523.000 0.079
2524.000 0.080
2525.000 0.076
2526.000 0.074
2527.000 0.083
2528.000 0.078
2529.000 0.083
2530.000 0.081
2531.000 0.082
2532.000 0.082
2533.000 0.082
2534.000 0.082
2535.000 0.085
2536.000 0.076
2537.000 0.078
2538.000 0.083
2539.000 0.079
2540.000 0.071
2541.000 0.081
2542.000 0.080
2543.000 0.080
2544.000 0.082
2545.000 0.075
2546.000 0.085
2547.000 0.083
2548.000 0.085
2549.000 0.075
2550.000 0.082
2551.000 0.084
2552.000 0.079
2553.000 0.083
2554.000 0.085
2555.000 0.086
2556.000 0.086
2557.000 0.081
2558.000 0.086
2559.000 0.086
2560.000 0.086
2561.000 0.080
2562.000 0.087
2563.000 0.075
2564.000 0.084
2565.000 0.087
2566.000 0.085
2567.000 0.085
2568.000 0.090
2569.000 0.091
2570.000 0.090
2571.000 0.084
2572.000 0.092
2573.000 0.087
2574.000 0.091
2575.000 0.081
2576.000 0.088
2577.000 0.090
2578.000 0.086
2579.000 0.086
2580.000 0.091
2581.000 0.095
2582.000 0.085
2583.000 0.083
2584.000 0.095
2585.000 0.087
2586.000 0.091
2587.000 0.093
2588.000 0.092
2589.000 0.087
2590.000 0.089
2591.000 0.096
2592.000 0.090
2593.000 0.087
2594.000 0.088
2595.000 0.100
2596.000 0.086
2597.000 0.094
2598.000 0.087
2599.000 0.097
2600.000 0.092
