1801.000 0.404
1802.000 0.420
1803.000 0.419
1804.000 0.431
1805.000 0.432
1806.000 0.436
1807.000 0.437
1808.000 0.436
1809.000 0.434
1810.000 0.436
1811.000 0.442
1812.000 0.446
1813.000 0.442
1814.000 0.447
1815.000 0.464
1816.000 0.445
1817.000 0.462
1818.000 0.456
1819.000 0.457
1820.000 0.461
1821.000 0.452
1822.000 0.471
1823.000 0.466
1824.000 0.491
1825.000 0.487
1826.000 0.507
1827.000 0.501
1828.000 0.491
1829.000 0.527
1830.000 0.510
1831.000 0.502
1832.000 0.515
1833.000 0.493
1834.000 0.532
1835.000 0.522
1836.000 0.502
1837.000 0.500
1838.000 0.513
1839.000 0.509
1840.000 0.506
1841.000 0.524
1842.000 0.521
1843.000 0.525
1844.000 0.537
1845.000 0.548
1846.000 0.524
1847.000 0.528
1848.000 0.522
1849.000 0.542
1850.000 0.546
1851.000 0.557
1852.000 0.539
1853.000 0.551
1854.000 0.559
1855.000 0.540
1856.000 0.556
1857.000 0.564
1858.000 0.576
1859.000 0.571
1860.000 0.560
1861.000 0.571
1862.000 0.564
1863.000 0.563
1864.000 0.577
1865.000 0.584
1866.000 0.574
1867.000 0.598
1868.000 0.584
1869.000 0.603
1870.000 0.576
1871.000 0.587
1872.000 0.614
1873.000 0.585
1874.000 0.585
1875.000 0.618
1876.000 0.598
1877.000 0.615
1878.000 0.608
1879.000 0.603
1880.000 0.616
1881.000 0.626
1882.000 0.597
1883.000 0.630
1884.000 0.617
1885.000 0.644
1886.000 0.599
1887.000 0.648
1888.000 0.616
1889.000 0.642
1890.000 0.633
1891.000 0.633
1892.000 0.639
1893.000 0.657
1894.000 0.656
1895.000 0.659
1896.000 0.651
1897.000 0.625
1898.000 0.670
1899.000 0.643
1900.000 0.659
1901.000 0.662
1902.000 0.685
1903.000 0.628
1904.000 0.682
1905.000 0.696
1906.000 0.633
1907.000 0.643
1908.000 0.625
1909.000 0.624
1910.000 0.634
1911.000 0.670
1912.000 0.698
1913.000 0.675
1914.000 0.693
1915.000 0.676
1916.000 0.671
1917.000 0.713
1918.000 0.667
1919.000 0.711
1920.000 0.695
1921.000 0.692
1922.000 0.649
1923.000 0.682
1924.000 0.719
1925.000 0.733
1926.000 0.739
1927.000 0.723
1928.000 0.685
1929.000 0.688
1930.000 0.751
1931.000 0.728
1932.000 0.707
1933.000 0.766
1934.000 0.708
1935.000 0.738
1936.000 0.786
1937.000 0.727
1938.000 0.805
1939.000 0.814
1940.000 0.773
1941.000 0.753
1942.000 0.800
1943.000 0.800
1944.000 0.798
1945.000 0.742
1946.000 0.726
1947.000 0.810
1948.000 0.759
1949.000 0.803
1950.000 0.738
1951.000 0.795
1952.000 0.800
1953.000 0.778
1954.000 0.774
1955.000 0.821
1956.000 0.793
1957.000 0.814
1958.000 0.773
1959.000 0.810
1960.000 0.811
1961.000 0.827
1962.000 0.856
1963.000 0.838
1964.000 0.810
1965.000 0.849
1966.000 0.810
1967.000 0.813
1968.000 0.876
1969.000 0.841
1970.000 0.804
1971.000 0.863
1972.000 0.828
1973.000 0.897
1974.000 0.908
1975.000 0.892
1976.000 0.893
1977.000 0.840
1978.000 0.913
1979.000 0.924
1980.000 0.862
1981.000 0.936
1982.000 0.890
1983.000 0.941
1984.000 0.924
1985.000 0.924
1986.000 0.948
1987.000 0.954
1988.000 0.985
1989.000 0.949
1990.000 0.973
1991.000 0.978
1992.000 0.996
1993.000 0.978
1994.000 0.977
1995.000 1.032
1996.000 1.000
1997.000 1.009
1998.000 1.009
1999.000 1.028
2000.000 1.001
2001.000 1.031
2002.000 1.068
2003.000 1.053
2004.000 1.074
2005.000 1.069
2006.000 1.105
2007.000 1.114
2008.000 1.127
2009.000 1.123
2010.000 1.106
2011.000 1.150
2012.000 1.116
2013.000 1.207
2014.000 1.130
2015.000 1.166
2016.000 1.211
2017.000 1.211
2018.000 1.223
2019.000 1.217
2020.000 1.228
2021.000 1.295
2022.000 1.277
2023.000 1.314
2024.000 1.299
2025.000 1.305
2026.000 1.393
2027.000 1.330
2028.000 1.384
2029.000 1.379
2030.000 1.421
2031.000 1.442
2032.000 1.449
2033.000 1.467
2034.000 1.522
2035.000 1.543
2036.000 1.565
2037.000 1.550
2038.000 1.582
2039.000 1.612
2040.000 1.652
2041.000 1.690
2042.000 1.701
2043.000 1.751
2044.000 1.750
2045.000 1.798
2046.000 1.840
2047.000 1.830
2048.000 1.887
2049.000 1.957
2050.000 1.977
2051.000 2.047
2052.000 2.076
2053.000 2.123
2054.000 2.167
2055.000 2.233
2056.000 2.308
2057.000 2.341
2058.000 2.407
2059.000 2.448
2060.000 2.494
2061.000 2.602
2062.000 2.684
2063.000 2.754
2064.000 2.839
2065.000 2.972
2066.000 3.073
2067.000 3.175
2068.000 3.297
2069.000 3.406
2070.000 3.575
2071.000 3.626
2072.000 3.816
2073.000 3.986
2074.000 4.181
2075.000 4.407
2076.000 4.663
2077.000 4.923
2078.000 5.191
2079.000 5.404
2080.000 5.727
2081.000 6.079
2082.000 6.476
2083.000 6.706
2084.000 7.166
2085.000 7.621
2086.000 8.107
2087.000 8.564
2088.000 9.112
2089.000 9.508
2090.000 9.866
2091.000 10.095
2092.000 10.173
2093.000 10.006
2094.000 9.700
2095.000 9.500
2096.000 9.019
2097.000 8.499
2098.000 7.909
2099.000 7.367
2100.000 6.912
2101.000 6.462
2102.000 6.019
2103.000 5.601
2104.000 5.290
2105.000 4.976
2106.000 4.661
2107.000 4.429
2108.000 4.317
2109.000 4.072
2110.000 3.888
2111.000 3.701
2112.000 3.532
2113.000 3.388
2114.000 3.228
2115.000 3.121
2116.000 2.975
2117.000 2.857
2118.000 2.758
2119.000 2.680
2120.000 2.642
2121.000 2.530
2122.000 2.454
2123.000 2.326
2124.000 2.277
2125.000 2.231
2126.000 2.177
2127.000 2.132
2128.000 2.059
2129.000 1.986
2130.000 1.968
2131.000 1.939
2132.000 1.890
2133.000 1.833
2134.000 1.803
2135.000 1.731
2136.000 1.734
2137.000 1.715
2138.000 1.643
2139.000 1.637
2140.000 1.582
2141.000 1.548
2142.000 1.540
2143.000 1.505
2144.000 1.486
2145.000 1.459
2146.000 1.427
2147.000 1.418
2148.000 1.379
2149.000 1.363
2150.000 1.346
2151.000 1.346
2152.000 1.308
2153.000 1.286
2154.000 1.275
2155.000 1.259
2156.000 1.260
2157.000 1.227
2158.000 1.221
2159.000 1.201
2160.000 1.173
2161.000 1.168
2162.000 1.154
2163.000 1.141
2164.000 1.129
2165.000 1.125
2166.000 1.117
2167.000 1.122
2168.000 1.079
2169.000 1.099
2170.000 1.085
2171.000 1.079
2172.000 1.054
2173.000 1.050
2174.000 1.042
2175.000 1.029
2176.000 1.014
2177.000 1.007
2178.000 1.011
2179.000 0.998
2180.000 1.003
2181.000 0.999
2182.000 0.992
2183.000 0.983
2184.000 0.977
2185.000 0.973
2186.000 0.968
2187.000 0.965
2188.000 0.963
2189.000 0.953
2190.000 0.959
2191.000 0.968
2192.000 0.946
2193.000 0.950
2194.000 0.949
2195.000 0.947
2196.000 0.949
2197.000 0.931
2198.000 0.935
2199.000 0.933
2200.000 0.950
2201.000 0.933
2202.000 0.940
2203.000 0.944
2204.000 0.941
2205.000 0.951
2206.000 0.942
2207.000 0.955
2208.000 0.960
2209.000 0.957
2210.000 0.968
2211.000 0.952
2212.000 0.965
2213.000 0.966
2214.000 0.974
2215.000 0.996
2216.000 0.970
2217.000 1.000
2218.000 1.000
2219.000 1.027
2220.000 1.033
2221.000 1.032
2222.000 1.042
2223.000 1.040
2224.000 1.074
2225.000 1.082
2226.000 1.100
2227.000 1.111
2228.000 1.129
2229.000 1.150
2230.000 1.151
2231.000 1.158
2232.000 1.194
2233.000 1.225
2234.000 1.225
2235.000 1.280
2236.000 1.301
2237.000 1.336
2238.000 1.366
2239.000 1.404
2240.000 1.427
2241.000 1.466
2242.000 1.517
2243.000 1.558
2244.000 1.629
2245.000 1.668
2246.000 1.746
2247.000 1.825
2248.000 1.900
2249.000 2.026
2250.000 2.077
2251.000 2.220
2252.000 2.330
2253.000 2.524
2254.000 2.574
2255.000 2.730
2256.000 2.930
2257.000 3.115
2258.000 3.315
2259.000 3.492
2260.000 3.636
2261.000 3.792
2262.000 3.877
2263.000 3.892
2264.000 3.762
2265.000 3.602
2266.000 3.479
2267.000 3.183
2268.000 2.890
2269.000 2.629
2270.000 2.374
2271.000 2.169
2272.000 1.986
2273.000 1.783
2274.000 1.647
2275.000 1.512
2276.000 1.396
2277.000 1.345
2278.000 1.251
2279.000 1.171
2280.000 1.090
2281.000 1.030
2282.000 0.980
2283.000 0.922
2284.000 0.873
2285.000 0.806
2286.000 0.788
2287.000 0.749
2288.000 0.718
2289.000 0.666
2290.000 0.666
2291.000 0.615
2292.000 0.598
2293.000 0.578
2294.000 0.556
2295.000 0.528
2296.000 0.488
2297.000 0.485
2298.000 0.470
2299.000 0.435
2300.000 0.427
2301.000 0.404
2302.000 0.404
2303.000 0.400
2304.000 0.384
2305.000 0.380
2306.000 0.356
2307.000 0.340
2308.000 0.332
2309.000 0.317
2310.000 0.310
2311.000 0.303
2312.000 0.290
2313.000 0.278
2314.000 0.267
2315.000 0.281
2316.000 0.272
2317.000 0.261
2318.000 0.242
2319.000 0.236
2320.000 0.236
2321.000 0.227
2322.000 0.218
2323.000 0.207
2324.000 0.209
2325.000 0.206
2326.000 0.199
2327.000 0.199
2328.000 0.190
2329.000 0.183
2330.000 0.182
2331.000 0.178
2332.000 0.174
2333.000 0.177
2334.000 0.169
2335.000 0.157
2336.000 0.155
2337.000 0.153
2338.000 0.155
2339.000 0.150
2340.000 0.149
2341.000 0.143
2342.000 0.146
2343.000 0.142
2344.000 0.130
2345.000 0.132
2346.000 0.126
2347.000 0.130
2348.000 0.124
2349.000 0.121
2350.000 0.116
2351.000 0.119
2352.000 0.113
2353.000 0.110
2354.000 0.103
2355.000 0.109
2356.000 0.108
2357.000 0.103
2358.000 0.103
2359.000 0.107
2360.000 0.096
2361.000 0.097
2362.000 0.097
2363.000 0.100
2364.000 0.091
2365.000 0.098
2366.000 0.092
2367.000 0.089
2368.000 0.092
2369.000 0.088
2370.000 0.084
2371.000 0.090
2372.000 0.080
2373.000 0.080
2374.000 0.087
2375.000 0.079
2376.000 0.085
2377.000 0.072
2378.000 0.081
2379.000 0.064
2380.000 0.076
2381.000 0.073
2382.000 0.060
2383.000 0.069
2384.000 0.078
2385.000 0.061
2386.000 0.067
2387.000 0.063
2388.000 0.065
2389.000 0.058
2390.000 0.060
2391.000 0.060
2392.000 0.058
2393.000 0.060
2394.000 0.064
2395.000 0.051
2396.000 0.057
2397.000 0.061
2398.000 0.062
2399.000 0.064
2400.000 0.064
2401.000 0.055
2402.000 0.056
2403.000 0.052
2404.000 0.048
2405.000 0.051
2406.000 0.052
2407.000 0.054
2408.000 0.051
2409.000 0.048
2410.000 0.051
2411.000 0.056
2412.000 0.050
2413.000 0.052
2414.000 0.037
2415.000 0.050
2416.000 0.051
2417.000 0.047
2418.000 0.040
2419.000 0.035
2420.000 0.053
2421.000 0.051
2422.000 0.049
2423.000 0.046
2424.000 0.043
2425.000 0.049
2426.000 0.046
2427.000 0.038
2428.000 0.040
2429.000 0.046
2430.000 0.042
2431.000 0.040
2432.000 0.045
2433.000 0.040
2434.000 0.038
2435.000 0.036
2436.000 0.046
2437.000 0.037
2438.000 0.041
2439.000 0.038
2440.000 0.043
2441.000 0.040
2442.000 0.043
2443.000 0.037
2444.000 0.037
2445.000 0.037
2446.000 0.040
2447.000 0.039
2448.000 0.034
2449.000 0.038
2450.000 0.038
2451.000 0.036
2452.000 0.048
2453.000 0.040
2454.000 0.038
2455.000 0.031
2456.000 0.034
2457.000 0.039
2458.000 0.032
2459.000 0.035
2460.000 0.043
2461.000 0.037
2462.000 0.036
2463.000 0.033
2464.000 0.030
2465.000 0.031
2466.000 0.041
2467.000 0.030
2468.000 0.039
2469.000 0.036
2470.000 0.034
2471.000 0.028
2472.000 0.036
2473.000 0.035
2474.000 0.040
2475.000 0.034
2476.000 0.033
2477.000 0.034
2478.000 0.030
2479.000 0.032
2480.000 0.034
2481.000 0.031
2482.000 0.028
2483.000 0.037
2484.000 0.031
2485.000 0.033
2486.000 0.032
2487.000 0.035
2488.000 0.032
2489.000 0.027
2490.000 0.029
2491.000 0.038
2492.000 0.031
2493.000 0.029
2494.000 0.031
2495.000 0.043
2496.000 0.031
2497.000 0.037
2498.000 0.029
2499.000 0.033
2500.000 0.024
2501.000 0.037
2502.000 0.032
2503.000 0.036
2504.000 0.038
2505.000 0.033
2506.000 0.033
2507.000 0.030
2508.000 0.036
2509.000 0.031
2510.000 0.033
2511.000 0.036
2512.000 0.031
2513.000 0.034
2514.000 0.031
2515.000 0.030
2516.000 0.029
2517.000 0.026
2518.000 0.029
2519.000 0.033
2520.000 0.033
2521.000 0.030
2522.000 0.039
2523.000 0.037
2524.000 0.025
2525.000 0.031
2526.000 0.035
2527.000 0.032
2528.000 0.027
2529.000 0.036
2530.000 0.040
2531.000 0.031
2532.000 0.032
2533.000 0.037
2534.000 0.036
2535.000 0.036
2536.000 0.039
2537.000 0.027
2538.000 0.029
2539.000 0.034
2540.000 0.030
2541.000 0.034
2542.000 0.042
2543.000 0.035
2544.000 0.041
2545.000 0.032
2546.000 0.027
2547.000 0.027
2548.000 0.032
2549.000 0.033
2550.000 0.034
2551.000 0.034
2552.000 0.040
2553.000 0.035
2554.000 0.030
2555.000 0.030
2556.000 0.033
2557.000 0.034
2558.000 0.040
2559.000 0.033
2560.000 0.028
2561.000 0.040
2562.000 0.033
2563.000 0.033
2564.000 0.035
2565.000 0.034
2566.000 0.036
2567.000 0.035
2568.000 0.031
2569.000 0.039
2570.000 0.035
2571.000 0.039
2572.000 0.034
2573.000 0.034
2574.000 0.033
2575.000 0.035
2576.000 0.039
2577.000 0.035
2578.000 0.040
2579.000 0.034
2580.000 0.038
2581.000 0.031
2582.000 0.039
2583.000 0.036
2584.000 0.033
2585.000 0.036
2586.000 0.035
2587.000 0.042
2588.000 0.039
2589.000 0.036
2590.000 0.038
2591.000 0.038
2592.000 0.037
2593.000 0.043
2594.000 0.038
2595.000 0.041
2596.000 0.035
2597.000 0.040
2598.000 0.040
2599.000 0.041
2600.000 0.036
