1801.000 0.433
1802.000 0.440
1803.000 0.443
1804.000 0.438
1805.000 0.446
1806.000 0.456
1807.000 0.440
1808.000 0.445
1809.000 0.449
1810.000 0.454
1811.000 0.460
1812.000 0.457
1813.000 0.456
1814.000 0.471
1815.000 0.462
1816.000 0.469
1817.000 0.474
1818.000 0.478
1819.000 0.470
1820.000 0.475
1821.000 0.474
1822.000 0.497
1823.000 0.492
1824.000 0.505
1825.000 0.492
1826.000 0.497
1827.000 0.500
1828.000 0.500
1829.000 0.484
1830.000 0.507
1831.000 0.501
1832.000 0.549
1833.000 0.518
1834.000 0.581
1835.000 0.526
1836.000 0.511
1837.000 0.521
1838.000 0.504
1839.000 0.510
1840.000 0.509
1841.000 0.526
1842.000 0.517
1843.000 0.526
1844.000 0.532
1845.000 0.540
1846.000 0.534
1847.000 0.537
1848.000 0.540
1849.000 0.549
1850.000 0.551
1851.000 0.554
1852.000 0.546
1853.000 0.549
1854.000 0.556
1855.000 0.569
1856.000 0.571
1857.000 0.578
1858.000 0.565
1859.000 0.562
1860.000 0.558
1861.000 0.619
1862.000 0.570
1863.000 0.563
1864.000 0.605
1865.000 0.576
1866.000 0.601
1867.000 0.589
1868.000 0.600
1869.000 0.614
1870.000 0.593
1871.000 0.600
1872.000 0.589
1873.000 0.601
1874.000 0.588
1875.000 0.617
1876.000 0.594
1877.000 0.609
1878.000 0.630
1879.000 0.604
1880.000 0.624
1881.000 0.603
1882.000 0.630
1883.000 0.622
1884.000 0.625
1885.000 0.644
1886.000 0.640
1887.000 0.658
1888.000 0.629
1889.000 0.637
1890.000 0.656
1891.000 0.649
1892.000 0.650
1893.000 0.627
1894.000 0.663
1895.000 0.669
1896.000 0.662
1897.000 0.668
1898.000 0.654
1899.000 0.677
1900.000 0.674
1901.000 0.656
1902.000 0.671
1903.000 0.688
1904.000 0.678
1905.000 0.675
1906.000 0.668
1907.000 0.678
1908.000 0.671
1909.000 0.719
1910.000 0.745
1911.000 0.683
1912.000 0.670
1913.000 0.696
1914.000 0.689
1915.000 0.704
1916.000 0.724
1917.000 0.725
1918.000 0.694
1919.000 0.683
1920.000 0.670
1921.000 0.712
1922.000 0.745
1923.000 0.702
1924.000 0.745
1925.000 0.706
1926.000 0.716
1927.000 0.741
1928.000 0.716
1929.000 0.756
1930.000 0.721
1931.000 0.729
1932.000 0.764
1933.000 0.755
1934.000 0.739
1935.000 0.704
1936.000 0.734
1937.000 0.731
1938.000 0.729
1939.000 0.743
1940.000 0.783
1941.000 0.783
1942.000 0.749
1943.000 0.764
1944.000 0.734
1945.000 0.790
1946.000 0.768
1947.000 0.767
1948.000 0.794
1949.000 0.789
1950.000 0.752
1951.000 0.768
1952.000 0.793
1953.000 0.732
1954.000 0.782
1955.000 0.801
1956.000 0.815
1957.000 0.801
1958.000 0.814
1959.000 0.820
1960.000 0.831
1961.000 0.844
1962.000 0.841
1963.000 0.835
1964.000 0.827
1965.000 0.849
1966.000 0.848
1967.000 0.854
1968.000 0.832
1969.000 0.841
1970.000 0.876
1971.000 0.872
1972.000 0.867
1973.000 0.848
1974.000 0.888
1975.000 0.857
1976.000 0.885
1977.000 0.877
1978.000 0.891
1979.000 0.875
1980.000 0.897
1981.000 0.903
1982.000 0.935
1983.000 0.924
1984.000 0.923
1985.000 0.908
1986.000 0.919
1987.000 0.927
1988.000 0.961
1989.000 0.961
1990.000 0.920
1991.000 0.972
1992.000 0.972
1993.000 0.997
1994.000 0.977
1995.000 0.996
1996.000 0.981
1997.000 1.017
1998.000 1.013
1999.000 1.012
2000.000 1.027
2001.000 1.029
2002.000 1.038
2003.000 1.049
2004.000 1.077
2005.000 1.066
2006.000 1.103
2007.000 1.056
2008.000 1.103
2009.000 1.121
2010.000 1.099
2011.000 1.144
2012.000 1.138
2013.000 1.200
2014.000 1.144
2015.000 1.152
2016.000 1.168
2017.000 1.183
2018.000 1.192
2019.000 1.227
2020.000 1.217
2021.000 1.258
2022.000 1.269
2023.000 1.272
2024.000 1.311
2025.000 1.302
2026.000 1.315
2027.000 1.352
2028.000 1.347
2029.000 1.361
2030.000 1.410
2031.000 1.417
2032.000 1.436
2033.000 1.445
2034.000 1.473
2035.000 1.491
2036.000 1.523
2037.000 1.541
2038.000 1.570
2039.000 1.581
2040.000 1.599
2041.000 1.656
2042.000 1.691
2043.000 1.694
2044.000 1.722
2045.000 1.769
2046.000 1.784
2047.000 1.817
2048.000 1.859
2049.000 1.885
2050.000 1.927
2051.000 2.007
2052.000 2.063
2053.000 2.082
2054.000 2.149
2055.000 2.228
2056.000 2.271
2057.000 2.312
2058.000 2.309
2059.000 2.393
2060.000 2.483
2061.000 2.548
2062.000 2.643
2063.000 2.702
2064.000 2.770
2065.000 2.899
2066.000 3.007
2067.000 3.134
2068.000 3.227
2069.000 3.316
2070.000 3.416
2071.000 3.595
2072.000 3.813
2073.000 3.975
2074.000 4.154
2075.000 4.377
2076.000 4.570
2077.000 4.829
2078.000 5.091
2079.000 5.419
2080.000 5.802
2081.000 5.987
2082.000 6.354
2083.000 6.811
2084.000 7.232
2085.000 7.670
2086.000 8.193
2087.000 8.753
2088.000 9.257
2089.000 9.692
2090.000 10.045
2091.000 10.295
2092.000 10.340
2093.000 10.148
2094.000 9.990
2095.000 9.574
2096.000 9.066
2097.000 8.461
2098.000 7.841
2099.000 7.310
2100.000 6.741
2101.000 6.308
2102.000 5.876
2103.000 5.487
2104.000 5.119
2105.000 4.818
2106.000 4.686
2107.000 4.444
2108.000 4.209
2109.000 4.002
2110.000 3.781
2111.000 3.594
2112.000 3.439
2113.000 3.297
2114.000 3.121
2115.000 3.007
2116.000 2.939
2117.000 2.859
2118.000 2.744
2119.000 2.661
2120.000 2.553
2121.000 2.465
2122.000 2.392
2123.000 2.301
2124.000 2.219
2125.000 2.168
2126.000 2.144
2127.000 2.057
2128.000 2.013
2129.000 1.981
2130.000 1.903
2131.000 1.871
2132.000 1.806
2133.000 1.793
2134.000 1.745
2135.000 1.699
2136.000 1.667
2137.000 1.657
2138.000 1.609
2139.000 1.589
2140.000 1.538
2141.000 1.490
2142.000 1.491
2143.000 1.473
2144.000 1.422
2145.000 1.429
2146.000 1.384
2147.000 1.357
2148.000 1.341
2149.000 1.292
2150.000 1.290
2151.000 1.266
2152.000 1.267
2153.000 1.232
2154.000 1.233
2155.000 1.220
2156.000 1.199
2157.000 1.176
2158.000 1.159
2159.000 1.145
2160.000 1.143
2161.000 1.127
2162.000 1.098
2163.000 1.096
2164.000 1.075
2165.000 1.067
2166.000 1.059
2167.000 1.065
2168.000 1.032
2169.000 1.038
2170.000 1.021
2171.000 1.012
2172.000 0.989
2173.000 0.998
2174.000 0.983
2175.000 0.979
2176.000 0.970
2177.000 0.962
2178.000 0.959
2179.000 0.944
2180.000 0.948
2181.000 0.954
2182.000 0.938
2183.000 0.934
2184.000 0.935
2185.000 0.921
2186.000 0.921
2187.000 0.918
2188.000 0.908
2189.000 0.912
2190.000 0.906
2191.000 0.912
2192.000 0.886
2193.000 0.898
2194.000 0.894
2195.000 0.904
2196.000 0.899
2197.000 0.893
2198.000 0.888
2199.000 0.878
2200.000 0.885
2201.000 0.873
2202.000 0.877
2203.000 0.885
2204.000 0.886
2205.000 0.901
2206.000 0.892
2207.000 0.887
2208.000 0.888
2209.000 0.878
2210.000 0.893
2211.000 0.902
2212.000 0.890
2213.000 0.907
2214.000 0.910
2215.000 0.911
2216.000 0.906
2217.000 0.925
2218.000 0.913
2219.000 0.942
2220.000 0.936
2221.000 0.925
2222.000 0.945
2223.000 0.956
2224.000 0.981
2225.000 0.979
2226.000 0.995
2227.000 1.003
2228.000 1.023
2229.000 1.031
2230.000 1.050
2231.000 1.062
2232.000 1.089
2233.000 1.104
2234.000 1.131
2235.000 1.155
2236.000 1.170
2237.000 1.213
2238.000 1.231
2239.000 1.255
2240.000 1.284
2241.000 1.320
2242.000 1.358
2243.000 1.402
2244.000 1.447
2245.000 1.513
2246.000 1.562
2247.000 1.624
2248.000 1.699
2249.000 1.790
2250.000 1.877
2251.000 1.957
2252.000 2.041
2253.000 2.175
2254.000 2.307
2255.000 2.437
2256.000 2.586
2257.000 2.760
2258.000 2.943
2259.000 3.096
2260.000 3.242
2261.000 3.379
2262.000 3.434
2263.000 3.437
2264.000 3.361
2265.000 3.244
2266.000 3.036
2267.000 2.788
2268.000 2.546
2269.000 2.292
2270.000 2.068
2271.000 1.879
2272.000 1.720
2273.000 1.569
2274.000 1.446
2275.000 1.318
2276.000 1.259
2277.000 1.159
2278.000 1.091
2279.000 1.009
2280.000 0.949
2281.000 0.898
2282.000 0.836
2283.000 0.787
2284.000 0.734
2285.000 0.718
2286.000 0.676
2287.000 0.635
2288.000 0.614
2289.000 0.585
2290.000 0.565
2291.000 0.518
2292.000 0.503
2293.000 0.485
2294.000 0.463
2295.000 0.450
2296.000 0.437
2297.000 0.408
2298.000 0.398
2299.000 0.376
2300.000 0.366
2301.000 0.353
2302.000 0.344
2303.000 0.330
2304.000 0.327
2305.000 0.304
2306.000 0.299
2307.000 0.289
2308.000 0.279
2309.000 0.278
2310.000 0.265
2311.000 0.250
2312.000 0.244
2313.000 0.248
2314.000 0.229
2315.000 0.228
2316.000 0.217
2317.000 0.217
2318.000 0.199
2319.000 0.195
2320.000 0.196
2321.000 0.187
2322.000 0.181
2323.000 0.183
2324.000 0.196
2325.000 0.165
2326.000 0.164
2327.000 0.158
2328.000 0.154
2329.000 0.163
2330.000 0.148
2331.000 0.146
2332.000 0.150
2333.000 0.129
2334.000 0.131
2335.000 0.138
2336.000 0.134
2337.000 0.122
2338.000 0.126
2339.000 0.136
2340.000 0.115
2341.000 0.111
2342.000 0.114
2343.000 0.156
2344.000 0.196
2345.000 0.134
2346.000 0.150
2347.000 0.092
2348.000 0.099
2349.000 2.188
2350.000 0.322
2351.000 0.104
2352.000 0.092
2353.000 0.084
2354.000 0.094
2355.000 0.082
2356.000 0.076
2357.000 0.074
2358.000 0.085
2359.000 0.074
2360.000 0.082
2361.000 0.070
2362.000 0.074
2363.000 0.072
2364.000 0.066
2365.000 0.068
2366.000 0.061
2367.000 0.074
2368.000 0.070
2369.000 0.062
2370.000 0.068
2371.000 0.067
2372.000 0.067
2373.000 0.065
2374.000 0.066
2375.000 0.066
2376.000 0.064
2377.000 0.057
2378.000 0.060
2379.000 0.055
2380.000 0.062
2381.000 0.052
2382.000 0.055
2383.000 0.051
2384.000 0.053
2385.000 0.051
2386.000 0.057
2387.000 0.045
2388.000 0.055
2389.000 0.057
2390.000 0.050
2391.000 0.047
2392.000 0.048
2393.000 0.048
2394.000 0.046
2395.000 0.050
2396.000 0.052
2397.000 0.041
2398.000 0.048
2399.000 0.038
2400.000 0.050
2401.000 0.043
2402.000 0.043
2403.000 0.040
2404.000 0.038
2405.000 0.043
2406.000 0.045
2407.000 0.038
2408.000 0.034
2409.000 0.040
2410.000 0.034
2411.000 0.037
2412.000 0.037
2413.000 0.040
2414.000 0.040
2415.000 0.037
2416.000 0.033
2417.000 0.035
2418.000 0.033
2419.000 0.035
2420.000 0.026
2421.000 0.037
2422.000 0.037
2423.000 0.036
2424.000 0.031
2425.000 0.030
2426.000 0.089
2427.000 0.034
2428.000 0.044
2429.000 0.034
2430.000 0.033
2431.000 0.033
2432.000 0.025
2433.000 0.030
2434.000 0.025
2435.000 0.024
2436.000 0.025
2437.000 0.023
2438.000 0.029
2439.000 0.035
2440.000 0.025
2441.000 0.022
2442.000 0.024
2443.000 0.027
2444.000 0.034
2445.000 0.025
2446.000 0.027
2447.000 0.025
2448.000 0.027
2449.000 0.025
2450.000 0.034
2451.000 0.018
2452.000 0.025
2453.000 0.028
2454.000 0.025
2455.000 0.035
2456.000 0.033
2457.000 0.023
2458.000 0.016
2459.000 0.027
2460.000 0.031
2461.000 0.029
2462.000 0.028
2463.000 0.026
2464.000 0.025
2465.000 0.027
2466.000 0.026
2467.000 0.021
2468.000 0.025
2469.000 0.015
2470.000 0.024
2471.000 0.026
2472.000 0.032
2473.000 0.030
2474.000 0.022
2475.000 0.021
2476.000 0.026
2477.000 0.031
2478.000 0.026
2479.000 0.024
2480.000 0.030
2481.000 0.023
2482.000 0.018
2483.000 0.023
2484.000 0.024
2485.000 0.030
2486.000 0.024
2487.000 0.026
2488.000 0.018
2489.000 0.023
2490.000 0.023
2491.000 0.022
2492.000 0.028
2493.000 0.021
2494.000 0.027
2495.000 0.031
2496.000 0.027
2497.000 0.027
2498.000 0.033
2499.000 0.024
2500.000 0.030
2501.000 0.025
2502.000 0.015
2503.000 0.028
2504.000 0.025
2505.000 0.028
2506.000 0.026
2507.000 0.026
2508.000 0.023
2509.000 0.024
2510.000 0.022
2511.000 0.032
2512.000 0.026
2513.000 0.023
2514.000 0.025
2515.000 0.023
2516.000 0.027
2517.000 0.027
2518.000 0.026
2519.000 0.021
2520.000 0.018
2521.000 0.031
2522.000 0.022
2523.000 0.022
2524.000 0.032
2525.000 0.021
2526.000 0.026
2527.000 0.023
2528.000 0.024
2529.000 0.027
2530.000 0.026
2531.000 0.021
2532.000 0.029
2533.000 0.025
2534.000 0.021
2535.000 0.025
2536.000 0.026
2537.000 0.028
2538.000 0.024
2539.000 0.025
2540.000 0.026
2541.000 0.018
2542.000 0.021
2543.000 0.026
2544.000 0.030
2545.000 0.023
2546.000 0.027
2547.000 0.026
2548.000 0.022
2549.000 0.028
2550.000 0.029
2551.000 0.023
2552.000 0.032
2553.000 0.026
2554.000 0.025
2555.000 0.022
2556.000 0.026
2557.000 0.031
2558.000 0.035
2559.000 0.024
2560.000 0.020
2561.000 0.023
2562.000 0.032
2563.000 0.021
2564.000 0.031
2565.000 0.024
2566.000 0.028
2567.000 0.024
2568.000 0.034
2569.000 0.028
2570.000 0.031
2571.000 0.027
2572.000 0.026
2573.000 0.023
2574.000 0.026
2575.000 0.029
2576.000 0.030
2577.000 0.021
2578.000 0.031
2579.000 0.027
2580.000 0.026
2581.000 0.026
2582.000 0.035
2583.000 0.027
2584.000 0.027
2585.000 0.030
2586.000 0.027
2587.000 0.026
2588.000 0.024
2589.000 0.031
2590.000 0.037
2591.000 0.035
2592.000 0.032
2593.000 0.026
2594.000 0.026
2595.000 0.028
2596.000 0.035
2597.000 0.035
2598.000 0.024
2599.000 0.031
2600.000 0.032
