1801.000 0.462
1802.000 0.459
1803.000 0.465
1804.000 0.461
1805.000 0.469
1806.000 0.464
1807.000 0.468
1808.000 0.467
1809.000 0.471
1810.000 0.474
1811.000 0.473
1812.000 0.489
1813.000 0.494
1814.000 0.486
1815.000 0.496
1816.000 0.491
1817.000 0.492
1818.000 0.496
1819.000 0.497
1820.000 0.517
1821.000 0.504
1822.000 0.516
1823.000 0.513
1824.000 0.504
1825.000 0.515
1826.000 0.533
1827.000 0.533
1828.000 0.531
1829.000 0.520
1830.000 0.521
1831.000 0.539
1832.000 0.534
1833.000 0.540
1834.000 0.535
1835.000 0.546
1836.000 0.550
1837.000 0.547
1838.000 0.553
1839.000 0.550
1840.000 0.559
1841.000 0.556
1842.000 0.562
1843.000 0.573
1844.000 0.588
1845.000 0.569
1846.000 0.565
1847.000 0.586
1848.000 0.565
1849.000 0.587
1850.000 0.574
1851.000 0.579
1852.000 0.595
1853.000 0.591
1854.000 0.586
1855.000 0.584
1856.000 0.598
1857.000 0.593
1858.000 0.580
1859.000 0.610
1860.000 0.609
1861.000 0.618
1862.000 0.614
1863.000 0.602
1864.000 0.626
1865.000 0.615
1866.000 0.620
1867.000 0.619
1868.000 0.625
1869.000 0.635
1870.000 0.640
1871.000 0.628
1872.000 0.625
1873.000 0.619
1874.000 0.636
1875.000 0.635
1876.000 0.665
1877.000 0.648
1878.000 0.659
1879.000 0.640
1880.000 0.657
1881.000 0.654
1882.000 0.659
1883.000 0.659
1884.000 0.655
1885.000 0.673
1886.000 0.671
1887.000 0.665
1888.000 0.660
1889.000 0.675
1890.000 0.674
1891.000 0.658
1892.000 0.678
1893.000 0.670
1894.000 0.671
1895.000 0.701
1896.000 0.669
1897.000 0.720
1898.000 0.665
1899.000 0.690
1900.000 0.699
1901.000 0.680
1902.000 0.712
1903.000 0.721
1904.000 0.703
1905.000 0.725
1906.000 0.714
1907.000 0.718
1908.000 0.692
1909.000 0.712
1910.000 0.731
1911.000 0.725
1912.000 0.722
1913.000 0.715
1914.000 0.733
1915.000 0.718
1916.000 0.726
1917.000 0.750
1918.000 0.738
1919.000 0.709
1920.000 0.717
1921.000 0.723
1922.000 0.718
1923.000 0.755
1924.000 0.770
1925.000 0.766
1926.000 0.729
1927.000 0.764
1928.000 0.765
1929.000 0.772
1930.000 0.752
1931.000 0.777
1932.000 0.737
1933.000 0.778
1934.000 0.879
1935.000 0.855
1936.000 0.798
1937.000 0.820
1938.000 0.775
1939.000 0.780
1940.000 0.769
1941.000 0.799
1942.000 0.801
1943.000 0.795
1944.000 0.823
1945.000 0.784
1946.000 0.806
1947.000 0.799
1948.000 0.809
1949.000 0.835
1950.000 0.815
1951.000 0.843
1952.000 0.842
1953.000 0.850
1954.000 0.851
1955.000 0.857
1956.000 0.825
1957.000 0.814
1958.000 0.852
1959.000 0.851
1960.000 0.861
1961.000 0.865
1962.000 0.860
1963.000 0.863
1964.000 0.869
1965.000 0.852
1966.000 0.881
1967.000 0.879
1968.000 0.859
1969.000 0.875
1970.000 0.890
1971.000 0.895
1972.000 0.921
1973.000 0.905
1974.000 0.891
1975.000 0.920
1976.000 0.940
1977.000 0.902
1978.000 0.920
1979.000 0.925
1980.000 0.913
1981.000 0.955
1982.000 0.963
1983.000 0.989
1984.000 0.969
1985.000 0.940
1986.000 0.959
1987.000 0.975
1988.000 0.960
1989.000 1.005
1990.000 0.991
1991.000 0.980
1992.000 1.016
1993.000 0.998
1994.000 1.045
1995.000 1.020
1996.000 1.040
1997.000 1.067
1998.000 1.054
1999.000 1.033
2000.000 1.055
2001.000 1.064
2002.000 1.067
2003.000 1.090
2004.000 1.078
2005.000 1.122
2006.000 1.110
2007.000 1.107
2008.000 1.105
2009.000 1.111
2010.000 1.157
2011.000 1.174
2012.000 1.192
2013.000 1.205
2014.000 1.174
2015.000 1.186
2016.000 1.217
2017.000 1.196
2018.000 1.230
2019.000 1.252
2020.000 1.268
2021.000 1.337
2022.000 1.310
2023.000 1.324
2024.000 1.340
2025.000 1.349
2026.000 1.363
2027.000 1.380
2028.000 1.413
2029.000 1.445
2030.000 1.424
2031.000 1.442
2032.000 1.471
2033.000 1.506
2034.000 1.524
2035.000 1.557
2036.000 1.570
2037.000 1.591
2038.000 1.607
2039.000 1.645
2040.000 1.668
2041.000 1.700
2042.000 1.713
2043.000 1.754
2044.000 1.790
2045.000 1.823
2046.000 1.852
2047.000 1.901
2048.000 1.910
2049.000 1.957
2050.000 2.000
2051.000 2.048
2052.000 2.124
2053.000 2.122
2054.000 2.213
2055.000 2.247
2056.000 2.302
2057.000 2.348
2058.000 2.434
2059.000 2.463
2060.000 2.507
2061.000 2.603
2062.000 2.688
2063.000 2.798
2064.000 2.839
2065.000 2.933
2066.000 3.125
2067.000 3.164
2068.000 3.288
2069.000 3.465
2070.000 3.546
2071.000 3.752
2072.000 3.790
2073.000 3.966
2074.000 4.185
2075.000 4.388
2076.000 4.586
2077.000 4.870
2078.000 5.119
2079.000 5.443
2080.000 5.776
2081.000 6.126
2082.000 6.566
2083.000 6.950
2084.000 7.225
2085.000 7.705
2086.000 8.271
2087.000 8.781
2088.000 9.345
2089.000 9.815
2090.000 10.046
2091.000 10.372
2092.000 10.430
2093.000 10.407
2094.000 9.848
2095.000 9.410
2096.000 8.859
2097.000 8.574
2098.000 7.951
2099.000 7.307
2100.000 6.790
2101.000 6.264
2102.000 5.883
2103.000 5.488
2104.000 5.124
2105.000 4.803
2106.000 4.448
2107.000 4.257
2108.000 4.137
2109.000 3.924
2110.000 3.719
2111.000 3.547
2112.000 3.464
2113.000 3.232
2114.000 3.080
2115.000 2.901
2116.000 2.852
2117.000 2.716
2118.000 2.634
2119.000 2.505
2120.000 2.484
2121.000 2.390
2122.000 2.314
2123.000 2.233
2124.000 2.200
2125.000 2.099
2126.000 2.077
2127.000 1.974
2128.000 1.936
2129.000 1.883
2130.000 1.825
2131.000 1.764
2132.000 1.757
2133.000 1.671
2134.000 1.662
2135.000 1.640
2136.000 1.559
2137.000 1.562
2138.000 1.517
2139.000 1.499
2140.000 1.457
2141.000 1.415
2142.000 1.424
2143.000 1.396
2144.000 1.344
2145.000 1.353
2146.000 1.320
2147.000 1.293
2148.000 1.271
2149.000 1.251
2150.000 1.225
2151.000 1.194
2152.000 1.181
2153.000 1.177
2154.000 1.154
2155.000 1.128
2156.000 1.123
2157.000 1.101
2158.000 1.073
2159.000 1.077
2160.000 1.061
2161.000 1.058
2162.000 1.029
2163.000 1.032
2164.000 0.994
2165.000 0.985
2166.000 0.984
2167.000 0.965
2168.000 0.967
2169.000 0.936
2170.000 0.946
2171.000 0.926
2172.000 0.938
2173.000 0.919
2174.000 0.902
2175.000 0.881
2176.000 0.882
2177.000 0.871
2178.000 0.866
2179.000 0.866
2180.000 0.846
2181.000 0.867
2182.000 0.851
2183.000 0.838
2184.000 0.829
2185.000 0.820
2186.000 0.822
2187.000 0.808
2188.000 0.808
2189.000 0.804
2190.000 0.797
2191.000 0.799
2192.000 0.781
2193.000 0.778
2194.000 0.785
2195.000 0.782
2196.000 0.765
2197.000 0.771
2198.000 0.779
2199.000 0.763
2200.000 0.763
2201.000 0.758
2202.000 0.754
2203.000 0.753
2204.000 0.763
2205.000 0.763
2206.000 0.751
2207.000 0.752
2208.000 0.757
2209.000 0.749
2210.000 0.751
2211.000 0.763
2212.000 0.755
2213.000 0.764
2214.000 0.764
2215.000 0.759
2216.000 0.775
2217.000 0.768
2218.000 0.774
2219.000 0.769
2220.000 0.778
2221.000 0.782
2222.000 0.789
2223.000 0.783
2224.000 0.803
2225.000 0.816
2226.000 0.803
2227.000 0.819
2228.000 0.836
2229.000 0.855
2230.000 0.862
2231.000 0.872
2232.000 0.874
2233.000 0.898
2234.000 0.894
2235.000 0.909
2236.000 0.934
2237.000 0.939
2238.000 0.959
2239.000 0.979
2240.000 1.019
2241.000 1.036
2242.000 1.097
2243.000 1.080
2244.000 1.100
2245.000 1.146
2246.000 1.203
2247.000 1.236
2248.000 1.279
2249.000 1.336
2250.000 1.405
2251.000 1.474
2252.000 1.560
2253.000 1.628
2254.000 1.736
2255.000 1.781
2256.000 1.891
2257.000 2.038
2258.000 2.135
2259.000 2.276
2260.000 2.411
2261.000 2.473
2262.000 2.524
2263.000 2.507
2264.000 2.376
2265.000 2.297
2266.000 2.217
2267.000 2.031
2268.000 1.839
2269.000 1.651
2270.000 1.476
2271.000 1.334
2272.000 1.216
2273.000 1.087
2274.000 1.016
2275.000 0.940
2276.000 0.850
2277.000 0.783
2278.000 0.716
2279.000 0.691
2280.000 0.648
2281.000 0.599
2282.000 0.573
2283.000 0.519
2284.000 0.505
2285.000 0.456
2286.000 0.355
2287.000 0.429
2288.000 0.406
2289.000 0.366
2290.000 0.380
2291.000 0.308
2292.000 0.344
2293.000 0.299
2294.000 0.285
2295.000 0.274
2296.000 0.265
2297.000 0.235
2298.000 0.241
2299.000 0.225
2300.000 0.226
2301.000 0.203
2302.000 0.206
2303.000 0.185
2304.000 0.169
2305.000 0.175
2306.000 0.235
2307.000 0.161
2308.000 0.156
2309.000 0.153
2310.000 0.143
2311.000 0.146
2312.000 0.130
2313.000 0.121
2314.000 0.116
2315.000 0.124
2316.000 0.115
2317.000 0.111
2318.000 0.106
2319.000 0.101
2320.000 0.103
2321.000 0.099
2322.000 0.096
2323.000 0.086
2324.000 0.089
2325.000 0.085
2326.000 0.079
2327.000 0.076
2328.000 0.079
2329.000 0.075
2330.000 0.065
2331.000 0.066
2332.000 0.067
2333.000 0.070
2334.000 0.055
2335.000 0.058
2336.000 0.053
2337.000 0.056
2338.000 0.060
2339.000 0.053
2340.000 0.051
2341.000 0.081
2342.000 0.128
2343.000 0.076
2344.000 0.045
2345.000 0.045
2346.000 0.083
2347.000 0.037
2348.000 0.050
2349.000 0.035
2350.000 0.039
2351.000 0.032
2352.000 0.029
2353.000 0.039
2354.000 0.037
2355.000 0.071
2356.000 0.027
2357.000 0.037
2358.000 0.034
2359.000 0.031
2360.000 0.036
2361.000 0.026
2362.000 0.026
2363.000 0.030
2364.000 0.029
2365.000 0.020
2366.000 0.024
2367.000 0.022
2368.000 0.029
2369.000 0.017
2370.000 0.019
2371.000 0.022
2372.000 0.021
2373.000 0.020
2374.000 0.021
2375.000 0.013
2376.000 0.028
2377.000 0.014
2378.000 0.019
2379.000 0.022
2380.000 0.017
2381.000 0.021
2382.000 0.012
2383.000 0.024
2384.000 0.018
2385.000 0.019
2386.000 0.017
2387.000 0.020
2388.000 0.022
2389.000 0.019
2390.000 0.020
2391.000 0.023
2392.000 0.010
2393.000 0.011
2394.000 0.009
2395.000 0.021
2396.000 0.020
2397.000 0.015
2398.000 0.013
2399.000 0.018
2400.000 0.012
2401.000 0.013
2402.000 0.014
2403.000 0.012
2404.000 0.010
2405.000 0.010
2406.000 0.015
2407.000 0.013
2408.000 0.017
2409.000 0.016
2410.000 0.018
2411.000 0.019
2412.000 0.010
2413.000 0.009
2414.000 0.014
2415.000 0.010
2416.000 0.019
2417.000 0.018
2418.000 0.012
2419.000 0.013
2420.000 0.016
2421.000 0.014
2422.000 0.013
2423.000 0.078
2424.000 0.145
2425.000 0.114
2426.000 0.095
2427.000 0.025
2428.000 0.060
2429.000 0.452
2430.000 0.035
2431.000 0.018
2432.000 0.082
2433.000 0.109
2434.000 0.015
2435.000 0.015
2436.000 0.010
2437.000 0.009
2438.000 0.011
2439.000 0.017
2440.000 0.008
2441.000 0.010
2442.000 0.014
2443.000 0.010
2444.000 0.013
2445.000 0.014
2446.000 0.013
2447.000 0.010
2448.000 0.016
2449.000 0.012
2450.000 0.025
2451.000 0.012
2452.000 0.016
2453.000 0.016
2454.000 0.016
2455.000 0.011
2456.000 0.018
2457.000 0.011
2458.000 0.022
2459.000 0.010
2460.000 0.020
2461.000 0.013
2462.000 0.016
2463.000 0.017
2464.000 0.012
2465.000 0.018
2466.000 0.013
2467.000 0.017
2468.000 0.012
2469.000 0.012
2470.000 0.009
2471.000 0.016
2472.000 0.010
2473.000 0.014
2474.000 0.009
2475.000 0.016
2476.000 0.010
2477.000 0.008
2478.000 0.014
2479.000 0.011
2480.000 0.016
2481.000 0.014
2482.000 0.015
2483.000 0.018
2484.000 0.019
2485.000 0.013
2486.000 0.014
2487.000 0.009
2488.000 0.014
2489.000 0.013
2490.000 0.011
2491.000 0.011
2492.000 0.017
2493.000 0.011
2494.000 0.009
2495.000 0.013
2496.000 0.016
2497.000 0.014
2498.000 0.016
2499.000 0.014
2500.000 0.012
2501.000 0.016
2502.000 0.011
2503.000 0.019
2504.000 0.009
2505.000 0.015
2506.000 0.018
2507.000 0.014
2508.000 0.016
2509.000 0.021
2510.000 0.007
2511.000 0.008
2512.000 0.010
2513.000 0.014
2514.000 0.013
2515.000 0.014
2516.000 0.011
2517.000 0.017
2518.000 0.017
2519.000 0.012
2520.000 0.010
2521.000 0.017
2522.000 0.013
2523.000 0.015
2524.000 0.015
2525.000 0.016
2526.000 0.006
2527.000 0.013
2528.000 0.012
2529.000 0.017
2530.000 0.010
2531.000 0.008
2532.000 0.011
2533.000 0.012
2534.000 0.011
2535.000 0.018
2536.000 0.008
2537.000 0.015
2538.000 0.009
2539.000 0.014
2540.000 0.013
2541.000 0.013
2542.000 0.010
2543.000 0.009
2544.000 0.022
2545.000 0.007
2546.000 0.013
2547.000 0.015
2548.000 0.007
2549.000 0.017
2550.000 0.012
2551.000 0.005
2552.000 0.018
2553.000 0.013
2554.000 0.009
2555.000 0.013
2556.000 0.012
2557.000 0.009
2558.000 0.018
2559.000 0.015
2560.000 0.012
2561.000 0.009
2562.000 0.014
2563.000 0.014
2564.000 0.010
2565.000 0.012
2566.000 0.012
2567.000 0.011
2568.000 0.006
2569.000 0.009
2570.000 0.008
2571.000 0.014
2572.000 0.014
2573.000 0.009
2574.000 0.011
2575.000 0.011
2576.000 0.014
2577.000 0.012
2578.000 0.012
2579.000 0.007
2580.000 0.013
2581.000 0.009
2582.000 0.011
2583.000 0.014
2584.000 0.016
2585.000 0.009
2586.000 0.010
2587.000 0.015
2588.000 0.015
2589.000 0.016
2590.000 0.011
2591.000 0.011
2592.000 0.019
2593.000 0.020
2594.000 0.005
2595.000 0.018
2596.000 0.008
2597.000 0.012
2598.000 0.015
2599.000 0.008
2600.000 0.018
