1801.000 0.465
1802.000 0.467
1803.000 0.470
1804.000 0.471
1805.000 0.480
1806.000 0.474
1807.000 0.474
1808.000 0.483
1809.000 0.483
1810.000 0.491
1811.000 0.497
1812.000 0.483
1813.000 0.505
1814.000 0.491
1815.000 0.507
1816.000 0.496
1817.000 0.499
1818.000 0.504
1819.000 0.514
1820.000 0.521
1821.000 0.525
1822.000 0.524
1823.000 0.518
1824.000 0.525
1825.000 0.528
1826.000 0.532
1827.000 0.530
1828.000 0.538
1829.000 0.548
1830.000 0.549
1831.000 0.541
1832.000 0.553
1833.000 0.545
1834.000 0.544
1835.000 0.553
1836.000 0.560
1837.000 0.561
1838.000 0.561
1839.000 0.572
1840.000 0.569
1841.000 0.570
1842.000 0.580
1843.000 0.566
1844.000 0.587
1845.000 0.580
1846.000 0.583
1847.000 0.580
1848.000 0.588
1849.000 0.599
1850.000 0.600
1851.000 0.594
1852.000 0.610
1853.000 0.602
1854.000 0.602
1855.000 0.613
1856.000 0.590
1857.000 0.602
1858.000 0.608
1859.000 0.617
1860.000 0.619
1861.000 0.621
1862.000 0.641
1863.000 0.638
1864.000 0.635
1865.000 0.627
1866.000 0.632
1867.000 0.633
1868.000 0.634
1869.000 0.639
1870.000 0.646
1871.000 0.638
1872.000 0.638
1873.000 0.662
1874.000 0.659
1875.000 0.662
1876.000 0.633
1877.000 0.652
1878.000 0.678
1879.000 0.645
1880.000 0.672
1881.000 0.666
1882.000 0.662
1883.000 0.663
1884.000 0.696
1885.000 0.680
1886.000 0.674
1887.000 0.666
1888.000 0.699
1889.000 0.667
1890.000 0.699
1891.000 0.690
1892.000 0.669
1893.000 0.691
1894.000 0.729
1895.000 0.690
1896.000 0.691
1897.000 0.692
1898.000 0.713
1899.000 0.692
1900.000 0.704
1901.000 0.732
1902.000 0.695
1903.000 0.716
1904.000 0.705
1905.000 0.712
1906.000 0.715
1907.000 0.711
1908.000 0.733
1909.000 0.750
1910.000 0.735
1911.000 0.736
1912.000 0.780
1913.000 0.734
1914.000 0.742
1915.000 0.757
1916.000 0.724
1917.000 0.751
1918.000 0.778
1919.000 0.780
1920.000 0.719
1921.000 0.789
1922.000 0.787
1923.000 0.759
1924.000 0.767
1925.000 0.733
1926.000 0.766
1927.000 0.792
1928.000 0.774
1929.000 0.795
1930.000 0.745
1931.000 0.781
1932.000 0.759
1933.000 0.799
1934.000 0.800
1935.000 0.807
1936.000 0.800
1937.000 0.783
1938.000 0.792
1939.000 0.743
1940.000 0.762
1941.000 0.825
1942.000 0.818
1943.000 0.835
1944.000 0.805
1945.000 0.780
1946.000 0.831
1947.000 0.793
1948.000 0.832
1949.000 0.850
1950.000 0.844
1951.000 0.823
1952.000 0.868
1953.000 0.870
1954.000 0.852
1955.000 0.844
1956.000 0.861
1957.000 0.832
1958.000 0.836
1959.000 0.885
1960.000 0.872
1961.000 0.850
1962.000 0.910
1963.000 0.854
1964.000 0.918
1965.000 0.869
1966.000 0.865
1967.000 0.920
1968.000 0.929
1969.000 0.890
1970.000 0.886
1971.000 0.893
1972.000 0.888
1973.000 0.916
1974.000 0.913
1975.000 0.922
1976.000 0.950
1977.000 0.947
1978.000 0.923
1979.000 0.953
1980.000 0.965
1981.000 0.949
1982.000 0.944
1983.000 1.000
1984.000 0.979
1985.000 0.953
1986.000 0.977
1987.000 0.951
1988.000 0.998
1989.000 0.998
1990.000 1.017
1991.000 1.020
1992.000 1.008
1993.000 1.013
1994.000 1.026
1995.000 1.052
1996.000 1.019
1997.000 1.076
1998.000 1.058
1999.000 1.508
2000.000 1.095
2001.000 1.091
2002.000 1.124
2003.000 1.125
2004.000 1.122
2005.000 1.141
2006.000 1.154
2007.000 1.151
2008.000 1.154
2009.000 1.169
2010.000 1.177
2011.000 1.182
2012.000 1.189
2013.000 1.231
2014.000 1.207
2015.000 1.216
2016.000 1.237
2017.000 1.237
2018.000 1.257
2019.000 1.288
2020.000 1.225
2021.000 1.289
2022.000 1.313
2023.000 1.344
2024.000 1.328
2025.000 1.375
2026.000 1.368
2027.000 1.457
2028.000 1.432
2029.000 1.437
2030.000 1.452
2031.000 1.499
2032.000 1.482
2033.000 1.506
2034.000 1.542
2035.000 1.562
2036.000 1.536
2037.000 1.609
2038.000 1.625
2039.000 1.654
2040.000 1.662
2041.000 1.679
2042.000 1.706
2043.000 1.780
2044.000 1.791
2045.000 1.822
2046.000 1.857
2047.000 1.897
2048.000 1.925
2049.000 1.975
2050.000 1.999
2051.000 2.062
2052.000 2.110
2053.000 2.176
2054.000 2.191
2055.000 2.214
2056.000 2.296
2057.000 2.353
2058.000 2.427
2059.000 2.513
2060.000 2.576
2061.000 2.635
2062.000 2.707
2063.000 2.786
2064.000 2.914
2065.000 3.000
2066.000 3.083
2067.000 3.172
2068.000 3.269
2069.000 3.437
2070.000 3.558
2071.000 3.683
2072.000 3.859
2073.000 4.033
2074.000 4.256
2075.000 4.472
2076.000 4.674
2077.000 4.937
2078.000 5.209
2079.000 5.524
2080.000 5.679
2081.000 6.038
2082.000 6.447
2083.000 6.861
2084.000 7.298
2085.000 7.834
2086.000 8.365
2087.000 8.862
2088.000 9.411
2089.000 9.821
2090.000 10.180
2091.000 10.313
2092.000 10.406
2093.000 10.285
2094.000 9.964
2095.000 9.488
2096.000 8.898
2097.000 8.300
2098.000 7.672
2099.000 7.169
2100.000 6.644
2101.000 6.213
2102.000 5.789
2103.000 5.618
2104.000 5.235
2105.000 4.815
2106.000 4.523
2107.000 4.315
2108.000 4.074
2109.000 3.886
2110.000 3.661
2111.000 3.470
2112.000 3.302
2113.000 3.187
2114.000 3.020
2115.000 2.905
2116.000 2.837
2117.000 2.729
2118.000 2.659
2119.000 2.531
2120.000 2.417
2121.000 2.357
2122.000 2.299
2123.000 2.210
2124.000 2.093
2125.000 2.147
2126.000 2.020
2127.000 1.965
2128.000 1.979
2129.000 1.858
2130.000 1.826
2131.000 1.772
2132.000 1.708
2133.000 1.672
2134.000 1.653
2135.000 1.605
2136.000 1.556
2137.000 1.529
2138.000 1.475
2139.000 1.485
2140.000 1.439
2141.000 1.422
2142.000 1.404
2143.000 1.351
2144.000 1.283
2145.000 1.291
2146.000 1.254
2147.000 1.270
2148.000 1.238
2149.000 1.206
2150.000 1.183
2151.000 1.149
2152.000 1.137
2153.000 1.127
2154.000 1.116
2155.000 1.085
2156.000 1.074
2157.000 1.073
2158.000 1.040
2159.000 1.032
2160.000 1.021
2161.000 0.994
2162.000 0.989
2163.000 0.968
2164.000 0.966
2165.000 0.952
2166.000 0.945
2167.000 0.933
2168.000 0.921
2169.000 0.927
2170.000 0.905
2171.000 0.922
2172.000 0.889
2173.000 0.868
2174.000 0.855
2175.000 0.837
2176.000 0.850
2177.000 0.838
2178.000 0.831
2179.000 0.816
2180.000 0.819
2181.000 0.789
2182.000 0.799
2183.000 0.796
2184.000 0.789
2185.000 0.779
2186.000 0.778
2187.000 0.782
2188.000 0.775
2189.000 0.760
2190.000 0.746
2191.000 0.748
2192.000 0.719
2193.000 0.706
2194.000 0.734
2195.000 0.728
2196.000 0.737
2197.000 0.733
2198.000 0.721
2199.000 0.708
2200.000 0.715
2201.000 0.708
2202.000 0.705
2203.000 0.712
2204.000 0.714
2205.000 0.689
2206.000 0.702
2207.000 0.713
2208.000 0.695
2209.000 0.699
2210.000 0.702
2211.000 0.696
2212.000 0.694
2213.000 0.696
2214.000 0.695
2215.000 0.698
2216.000 0.706
2217.000 0.699
2218.000 0.706
2219.000 0.711
2220.000 0.707
2221.000 0.712
2222.000 0.716
2223.000 0.712
2224.000 0.719
2225.000 0.720
2226.000 0.732
2227.000 0.734
2228.000 0.734
2229.000 0.744
2230.000 0.744
2231.000 0.773
2232.000 0.787
2233.000 0.785
2234.000 0.798
2235.000 0.812
2236.000 0.815
2237.000 0.834
2238.000 0.837
2239.000 0.859
2240.000 0.880
2241.000 0.894
2242.000 0.924
2243.000 0.948
2244.000 0.982
2245.000 1.000
2246.000 1.040
2247.000 1.072
2248.000 1.124
2249.000 1.139
2250.000 1.182
2251.000 1.226
2252.000 1.307
2253.000 1.355
2254.000 1.430
2255.000 1.496
2256.000 1.595
2257.000 1.679
2258.000 1.767
2259.000 1.908
2260.000 1.972
2261.000 2.047
2262.000 2.066
2263.000 2.075
2264.000 2.036
2265.000 1.939
2266.000 1.813
2267.000 1.648
2268.000 1.490
2269.000 1.339
2270.000 1.198
2271.000 1.084
2272.000 0.974
2273.000 0.891
2274.000 0.846
2275.000 0.777
2276.000 0.706
2277.000 0.647
2278.000 0.597
2279.000 0.534
2280.000 0.513
2281.000 0.458
2282.000 0.438
2283.000 0.401
2284.000 0.378
2285.000 0.353
2286.000 0.337
2287.000 0.328
2288.000 0.303
2289.000 0.276
2290.000 0.265
2291.000 0.243
2292.000 0.231
2293.000 0.221
2294.000 0.219
2295.000 0.192
2296.000 0.179
2297.000 0.190
2298.000 0.176
2299.000 0.161
2300.000 0.153
2301.000 0.155
2302.000 0.158
2303.000 0.151
2304.000 0.132
2305.000 0.121
2306.000 0.107
2307.000 0.112
2308.000 0.104
2309.000 0.093
2310.000 0.088
2311.000 0.100
2312.000 0.085
2313.000 0.096
2314.000 0.194
2315.000 0.184
2316.000 0.084
2317.000 0.063
2318.000 0.112
2319.000 0.082
2320.000 0.079
2321.000 0.099
2322.000 0.064
2323.000 0.059
2324.000 0.043
2325.000 0.058
2326.000 0.043
2327.000 0.046
2328.000 0.038
2329.000 0.041
2330.000 0.048
2331.000 0.048
2332.000 0.074
2333.000 0.040
2334.000 0.091
2335.000 0.034
2336.000 0.033
2337.000 0.033
2338.000 0.026
2339.000 0.023
2340.000 0.029
2341.000 0.031
2342.000 0.024
2343.000 0.024
2344.000 0.086
2345.000 0.102
2346.000 0.045
2347.000 0.052
2348.000 0.030
2349.000 0.017
2350.000 0.025
2351.000 0.017
2352.000 0.018
2353.000 0.018
2354.000 0.019
2355.000 0.013
2356.000 0.020
2357.000 0.019
2358.000 0.015
2359.000 0.024
2360.000 0.016
2361.000 0.017
2362.000 0.023
2363.000 0.019
2364.000 0.016
2365.000 0.029
2366.000 0.026
2367.000 0.017
2368.000 0.018
2369.000 0.018
2370.000 0.021
2371.000 0.022
2372.000 0.015
2373.000 0.013
2374.000 0.024
2375.000 0.020
2376.000 0.023
2377.000 0.020
2378.000 0.019
2379.000 0.041
2380.000 0.026
2381.000 0.021
2382.000 0.025
2383.000 0.026
2384.000 0.021
2385.000 0.018
2386.000 0.016
2387.000 0.017
2388.000 0.021
2389.000 0.051
2390.000 0.143
2391.000 0.060
2392.000 0.076
2393.000 0.024
2394.000 0.017
2395.000 0.021
2396.000 0.022
2397.000 0.017
2398.000 0.014
2399.000 0.018
2400.000 0.021
2401.000 0.023
2402.000 0.023
2403.000 0.023
2404.000 0.058
2405.000 0.048
2406.000 0.036
2407.000 0.037
2408.000 0.029
2409.000 0.026
2410.000 0.027
2411.000 0.024
2412.000 0.024
2413.000 0.011
2414.000 0.018
2415.000 0.013
2416.000 0.018
2417.000 0.022
2418.000 0.025
2419.000 0.025
2420.000 0.018
2421.000 0.020
2422.000 0.022
2423.000 0.025
2424.000 0.024
2425.000 0.021
2426.000 0.022
2427.000 0.021
2428.000 0.023
2429.000 0.014
2430.000 0.027
2431.000 0.017
2432.000 0.024
2433.000 0.018
2434.000 0.021
2435.000 0.021
2436.000 0.018
2437.000 0.024
2438.000 0.017
2439.000 0.018
2440.000 0.025
2441.000 0.019
2442.000 0.020
2443.000 0.016
2444.000 0.021
2445.000 0.023
2446.000 0.023
2447.000 0.017
2448.000 0.019
2449.000 0.036
2450.000 0.022
2451.000 0.038
2452.000 0.021
2453.000 0.020
2454.000 0.029
2455.000 0.022
2456.000 0.022
2457.000 0.016
2458.000 0.025
2459.000 0.017
2460.000 0.014
2461.000 0.017
2462.000 0.023
2463.000 0.022
2464.000 0.022
2465.000 0.020
2466.000 0.016
2467.000 0.017
2468.000 0.020
2469.000 0.029
2470.000 0.020
2471.000 0.016
2472.000 0.016
2473.000 0.020
2474.000 0.013
2475.000 0.014
2476.000 0.019
2477.000 0.027
2478.000 0.017
2479.000 0.022
2480.000 0.016
2481.000 0.016
2482.000 0.027
2483.000 0.014
2484.000 0.015
2485.000 0.019
2486.000 0.017
2487.000 0.022
2488.000 0.020
2489.000 0.015
2490.000 0.018
2491.000 0.014
2492.000 0.020
2493.000 0.024
2494.000 0.021
2495.000 0.020
2496.000 0.024
2497.000 0.017
2498.000 0.022
2499.000 0.018
2500.000 0.021
2501.000 0.021
2502.000 0.019
2503.000 0.018
2504.000 0.024
2505.000 0.024
2506.000 0.011
2507.000 0.013
2508.000 0.020
2509.000 0.022
2510.000 0.012
2511.000 0.017
2512.000 0.014
2513.000 0.019
2514.000 0.024
2515.000 0.020
2516.000 0.014
2517.000 0.018
2518.000 0.027
2519.000 0.017
2520.000 0.012
2521.000 0.019
2522.000 0.017
2523.000 0.021
2524.000 0.019
2525.000 0.016
2526.000 0.020
2527.000 0.015
2528.000 0.022
2529.000 0.015
2530.000 0.017
2531.000 0.017
2532.000 0.015
2533.000 0.015
2534.000 0.020
2535.000 0.020
2536.000 0.011
2537.000 0.018
2538.000 0.018
2539.000 0.015
2540.000 0.013
2541.000 0.019
2542.000 0.018
2543.000 0.015
2544.000 0.019
2545.000 0.023
2546.000 0.021
2547.000 0.014
2548.000 0.017
2549.000 0.019
2550.000 0.023
2551.000 0.017
2552.000 0.016
2553.000 0.021
2554.000 0.015
2555.000 0.013
2556.000 0.018
2557.000 0.017
2558.000 0.018
2559.000 0.027
2560.000 0.020
2561.000 0.023
2562.000 0.015
2563.000 0.023
2564.000 0.019
2565.000 0.016
2566.000 0.019
2567.000 0.020
2568.000 0.016
2569.000 0.024
2570.000 0.021
2571.000 0.020
2572.000 0.017
2573.000 0.019
2574.000 0.017
2575.000 0.020
2576.000 0.022
2577.000 0.022
2578.000 0.013
2579.000 0.012
2580.000 0.012
2581.000 0.009
2582.000 0.015
2583.000 0.028
2584.000 0.018
2585.000 0.017
2586.000 0.017
2587.000 0.019
2588.000 0.015
2589.000 0.014
2590.000 0.019
2591.000 0.020
2592.000 0.018
2593.000 0.017
2594.000 0.022
2595.000 0.022
2596.000 0.017
2597.000 0.019
2598.000 0.018
2599.000 0.016
2600.000 0.014
