1801.000 0.530
1802.000 0.542
1803.000 0.531
1804.000 0.538
1805.000 0.545
1806.000 0.548
1807.000 0.559
1808.000 0.558
1809.000 0.555
1810.000 0.558
1811.000 0.570
1812.000 0.568
1813.000 0.572
1814.000 0.573
1815.000 0.573
1816.000 0.574
1817.000 0.582
1818.000 0.591
1819.000 0.588
1820.000 0.577
1821.000 0.599
1822.000 0.586
1823.000 0.610
1824.000 0.611
1825.000 0.608
1826.000 0.626
1827.000 0.609
1828.000 0.612
1829.000 0.622
1830.000 0.618
1831.000 0.625
1832.000 0.637
1833.000 0.626
1834.000 0.635
1835.000 0.647
1836.000 0.650
1837.000 0.637
1838.000 0.647
1839.000 0.662
1840.000 0.659
1841.000 0.669
1842.000 0.671
1843.000 0.666
1844.000 0.679
1845.000 0.677
1846.000 0.672
1847.000 0.685
1848.000 0.660
1849.000 0.681
1850.000 0.676
1851.000 0.689
1852.000 0.704
1853.000 0.694
1854.000 0.722
1855.000 0.707
1856.000 0.710
1857.000 0.720
1858.000 0.711
1859.000 0.724
1860.000 0.728
1861.000 0.726
1862.000 0.732
1863.000 0.730
1864.000 0.740
1865.000 0.726
1866.000 0.735
1867.000 0.732
1868.000 0.744
1869.000 0.722
1870.000 0.746
1871.000 0.738
1872.000 0.747
1873.000 0.752
1874.000 0.772
1875.000 0.753
1876.000 0.760
1877.000 0.767
1878.000 0.778
1879.000 0.776
1880.000 0.776
1881.000 0.768
1882.000 0.791
1883.000 0.772
1884.000 0.780
1885.000 0.763
1886.000 0.797
1887.000 0.786
1888.000 0.808
1889.000 0.799
1890.000 0.794
1891.000 0.785
1892.000 0.789
1893.000 0.810
1894.000 0.819
1895.000 0.816
1896.000 0.795
1897.000 0.834
1898.000 0.814
1899.000 0.824
1900.000 0.829
1901.000 0.802
1902.000 0.828
1903.000 0.832
1904.000 0.830
1905.000 0.812
1906.000 0.827
1907.000 0.827
1908.000 0.834
1909.000 0.822
1910.000 0.880
1911.000 0.842
1912.000 0.819
1913.000 0.848
1914.000 0.847
1915.000 0.894
1916.000 0.873
1917.000 0.884
1918.000 0.886
1919.000 0.871
1920.000 0.850
1921.000 0.862
1922.000 0.884
1923.000 0.894
1924.000 0.881
1925.000 0.885
1926.000 0.916
1927.000 0.884
1928.000 0.880
1929.000 0.902
1930.000 0.920
1931.000 0.887
1932.000 0.929
1933.000 0.886
1934.000 0.892
1935.000 0.922
1936.000 0.943
1937.000 0.944
1938.000 0.960
1939.000 0.969
1940.000 0.943
1941.000 0.977
1942.000 0.901
1943.000 0.933
1944.000 0.981
1945.000 0.932
1946.000 0.934
1947.000 0.917
1948.000 0.974
1949.000 0.951
1950.000 0.900
1951.000 0.984
1952.000 0.989
1953.000 0.961
1954.000 0.975
1955.000 0.946
1956.000 0.947
1957.000 1.006
1958.000 1.011
1959.000 0.991
1960.000 0.982
1961.000 0.994
1962.000 0.987
1963.000 1.034
1964.000 1.006
1965.000 1.015
1966.000 1.049
1967.000 1.027
1968.000 1.050
1969.000 1.013
1970.000 1.001
1971.000 1.005
1972.000 1.070
1973.000 1.071
1974.000 1.057
1975.000 1.047
1976.000 1.116
1977.000 1.069
1978.000 1.064
1979.000 1.078
1980.000 1.007
1981.000 1.076
1982.000 1.124
1983.000 1.120
1984.000 1.095
1985.000 1.102
1986.000 1.120
1987.000 1.127
1988.000 1.134
1989.000 1.119
1990.000 1.113
1991.000 1.161
1992.000 1.188
1993.000 1.165
1994.000 1.226
1995.000 1.123
1996.000 1.223
1997.000 1.263
1998.000 1.221
1999.000 1.235
2000.000 1.247
2001.000 1.280
2002.000 1.251
2003.000 1.287
2004.000 1.277
2005.000 1.286
2006.000 1.309
2007.000 1.280
2008.000 1.366
2009.000 1.285
2010.000 1.377
2011.000 1.341
2012.000 1.335
2013.000 1.380
2014.000 1.359
2015.000 1.371
2016.000 1.406
2017.000 1.394
2018.000 1.431
2019.000 1.448
2020.000 1.461
2021.000 1.448
2022.000 1.473
2023.000 1.481
2024.000 1.522
2025.000 1.550
2026.000 1.542
2027.000 1.544
2028.000 1.618
2029.000 1.584
2030.000 1.586
2031.000 1.616
2032.000 1.646
2033.000 1.641
2034.000 1.749
2035.000 1.720
2036.000 1.773
2037.000 1.754
2038.000 1.824
2039.000 1.887
2040.000 1.849
2041.000 1.925
2042.000 1.904
2043.000 2.011
2044.000 1.973
2045.000 1.990
2046.000 2.009
2047.000 2.085
2048.000 2.140
2049.000 2.156
2050.000 2.204
2051.000 2.278
2052.000 2.229
2053.000 2.342
2054.000 2.364
2055.000 2.443
2056.000 2.502
2057.000 2.529
2058.000 2.578
2059.000 2.738
2060.000 2.809
2061.000 2.881
2062.000 2.935
2063.000 2.954
2064.000 3.079
2065.000 3.168
2066.000 3.287
2067.000 3.410
2068.000 3.567
2069.000 3.636
2070.000 3.800
2071.000 4.010
2072.000 4.534
2073.000 4.161
2074.000 4.524
2075.000 4.560
2076.000 4.782
2077.000 5.072
2078.000 5.391
2079.000 5.663
2080.000 5.961
2081.000 6.368
2082.000 6.770
2083.000 7.235
2084.000 7.569
2085.000 8.034
2086.000 8.616
2087.000 8.888
2088.000 9.408
2089.000 9.785
2090.000 10.196
2091.000 10.319
2092.000 10.266
2093.000 10.236
2094.000 9.787
2095.000 9.340
2096.000 8.780
2097.000 8.160
2098.000 7.573
2099.000 7.254
2100.000 6.752
2101.000 6.266
2102.000 5.858
2103.000 5.464
2104.000 4.781
2105.000 4.187
2106.000 4.506
2107.000 4.342
2108.000 3.954
2109.000 3.759
2110.000 3.545
2111.000 3.508
2112.000 3.305
2113.000 3.152
2114.000 3.045
2115.000 2.852
2116.000 2.782
2117.000 2.574
2118.000 2.588
2119.000 2.464
2120.000 2.343
2121.000 2.243
2122.000 2.222
2123.000 2.161
2124.000 2.114
2125.000 1.993
2126.000 1.852
2127.000 1.838
2128.000 1.782
2129.000 1.744
2130.000 1.758
2131.000 1.521
2132.000 1.634
2133.000 1.563
2134.000 1.527
2135.000 1.464
2136.000 1.460
2137.000 1.411
2138.000 1.378
2139.000 1.359
2140.000 1.320
2141.000 1.239
2142.000 1.242
2143.000 1.139
2144.000 1.159
2145.000 1.142
2146.000 1.136
2147.000 1.137
2148.000 1.100
2149.000 1.091
2150.000 1.035
2151.000 1.041
2152.000 1.018
2153.000 0.972
2154.000 1.031
2155.000 0.985
2156.000 0.958
2157.000 0.913
2158.000 0.904
2159.000 0.913
2160.000 0.963
2161.000 0.834
2162.000 0.835
2163.000 0.846
2164.000 0.781
2165.000 0.820
2166.000 0.783
2167.000 0.752
2168.000 0.748
2169.000 0.722
2170.000 0.708
2171.000 0.706
2172.000 0.696
2173.000 0.675
2174.000 0.679
2175.000 0.665
2176.000 0.662
2177.000 0.624
2178.000 0.718
2179.000 0.661
2180.000 0.605
2181.000 0.603
2182.000 0.604
2183.000 0.616
2184.000 0.687
2185.000 0.533
2186.000 0.596
2187.000 0.559
2188.000 0.564
2189.000 0.531
2190.000 0.516
2191.000 0.522
2192.000 0.505
2193.000 0.501
2194.000 0.482
2195.000 0.479
2196.000 0.473
2197.000 0.465
2198.000 0.463
2199.000 0.455
2200.000 0.452
2201.000 0.435
2202.000 0.433
2203.000 0.466
2204.000 0.424
2205.000 0.452
2206.000 0.407
2207.000 0.404
2208.000 0.395
2209.000 0.411
2210.000 0.377
2211.000 0.374
2212.000 0.387
2213.000 0.369
2214.000 0.357
2215.000 0.367
2216.000 0.349
2217.000 0.342
2218.000 0.361
2219.000 0.361
2220.000 0.346
2221.000 0.343
2222.000 0.370
2223.000 0.308
2224.000 0.295
2225.000 0.321
2226.000 0.264
2227.000 0.299
2228.000 0.277
2229.000 0.457
2230.000 0.288
2231.000 0.269
2232.000 0.252
2233.000 0.278
2234.000 0.296
2235.000 0.249
2236.000 0.244
2237.000 0.260
2238.000 0.247
2239.000 0.232
2240.000 0.239
2241.000 0.237
2242.000 0.155
2243.000 0.264
2244.000 0.221
2245.000 0.200
2246.000 0.178
2247.000 0.188
2248.000 0.167
2249.000 0.180
2250.000 0.178
2251.000 0.188
2252.000 0.191
2253.000 0.185
2254.000 0.194
2255.000 0.210
2256.000 0.217
2257.000 0.218
2258.000 0.264
2259.000 0.297
2260.000 0.272
2261.000 0.301
2262.000 0.332
2263.000 0.370
2264.000 0.352
2265.000 0.389
2266.000 0.488
2267.000 0.425
2268.000 0.385
2269.000 0.416
2270.000 0.393
2271.000 0.427
2272.000 0.434
2273.000 0.249
2274.000 0.392
2275.000 0.360
2276.000 0.338
2277.000 0.320
2278.000 0.321
2279.000 0.342
2280.000 0.346
2281.000 0.319
2282.000 0.315
2283.000 0.319
2284.000 0.260
2285.000 0.374
2286.000 0.337
2287.000 0.379
2288.000 0.320
2289.000 0.254
2290.000 0.315
2291.000 0.281
2292.000 0.277
2293.000 0.261
2294.000 0.276
2295.000 0.311
2296.000 0.282
2297.000 0.407
2298.000 0.312
2299.000 0.245
2300.000 0.246
2301.000 0.247
2302.000 0.235
2303.000 0.235
2304.000 0.226
2305.000 0.228
2306.000 0.268
2307.000 0.234
2308.000 0.222
2309.000 0.230
2310.000 0.227
2311.000 0.222
2312.000 0.212
2313.000 0.205
2314.000 0.200
2315.000 0.211
2316.000 0.203
2317.000 0.191
2318.000 0.293
2319.000 0.217
2320.000 0.223
2321.000 0.196
2322.000 0.186
2323.000 0.196
2324.000 0.186
2325.000 0.234
2326.000 0.196
2327.000 0.186
2328.000 0.179
2329.000 0.184
2330.000 0.187
2331.000 0.174
2332.000 0.181
2333.000 0.175
2334.000 0.187
2335.000 0.188
2336.000 0.173
2337.000 0.180
2338.000 0.185
2339.000 0.151
2340.000 0.165
2341.000 0.192
2342.000 0.190
2343.000 0.159
2344.000 0.191
2345.000 0.155
2346.000 0.331
2347.000 0.196
2348.000 0.181
2349.000 0.159
2350.000 0.152
2351.000 0.160
2352.000 0.160
2353.000 0.143
2354.000 0.143
2355.000 0.157
2356.000 0.158
2357.000 0.147
2358.000 0.144
2359.000 0.149
2360.000 0.149
2361.000 0.145
2362.000 0.143
2363.000 0.142
2364.000 0.140
2365.000 0.154
2366.000 0.141
2367.000 0.149
2368.000 0.137
2369.000 0.138
2370.000 0.133
2371.000 0.128
2372.000 0.129
2373.000 0.122
2374.000 0.128
2375.000 0.137
2376.000 0.135
2377.000 0.124
2378.000 0.128
2379.000 0.121
2380.000 0.127
2381.000 0.131
2382.000 0.140
2383.000 0.115
2384.000 0.120
2385.000 0.125
2386.000 0.123
2387.000 0.123
2388.000 0.131
2389.000 0.112
2390.000 0.116
2391.000 0.149
2392.000 0.163
2393.000 0.116
2394.000 0.117
2395.000 0.130
2396.000 0.130
2397.000 0.128
2398.000 0.105
2399.000 0.119
2400.000 0.116
2401.000 0.110
2402.000 0.116
2403.000 0.110
2404.000 0.108
2405.000 0.116
2406.000 0.112
2407.000 0.104
2408.000 0.109
2409.000 0.110
2410.000 0.109
2411.000 0.106
2412.000 0.104
2413.000 0.105
2414.000 0.096
2415.000 0.096
2416.000 0.109
2417.000 0.096
2418.000 0.100
2419.000 0.103
2420.000 0.105
2421.000 0.099
2422.000 0.101
2423.000 0.103
2424.000 0.110
2425.000 0.094
2426.000 0.092
2427.000 0.102
2428.000 0.093
2429.000 0.096
2430.000 0.097
2431.000 0.105
2432.000 0.101
2433.000 0.094
2434.000 0.095
2435.000 0.096
2436.000 0.095
2437.000 0.088
2438.000 0.090
2439.000 0.091
2440.000 0.098
2441.000 0.093
2442.000 0.091
2443.000 0.101
2444.000 0.091
2445.000 0.095
2446.000 0.090
2447.000 0.101
2448.000 0.093
2449.000 0.092
2450.000 0.118
2451.000 0.084
2452.000 0.096
2453.000 0.093
2454.000 0.088
2455.000 0.096
2456.000 0.093
2457.000 0.086
2458.000 0.081
2459.000 0.087
2460.000 0.091
2461.000 0.080
2462.000 0.081
2463.000 0.089
2464.000 0.087
2465.000 0.087
2466.000 0.084
2467.000 0.086
2468.000 0.087
2469.000 0.079
2470.000 0.086
2471.000 0.084
2472.000 0.085
2473.000 0.083
2474.000 0.082
2475.000 0.080
2476.000 0.079
2477.000 0.086
2478.000 0.092
2479.000 0.087
2480.000 0.073
2481.000 0.081
2482.000 0.080
2483.000 0.082
2484.000 0.087
2485.000 0.074
2486.000 0.091
2487.000 0.087
2488.000 0.084
2489.000 0.086
2490.000 0.081
2491.000 0.079
2492.000 0.085
2493.000 0.088
2494.000 0.084
2495.000 0.090
2496.000 0.080
2497.000 0.075
2498.000 0.089
2499.000 0.081
2500.000 0.077
2501.000 0.073
2502.000 0.086
2503.000 0.081
2504.000 0.072
2505.000 0.077
2506.000 0.082
2507.000 0.085
2508.000 0.077
2509.000 0.080
2510.000 0.082
2511.000 0.078
2512.000 0.077
2513.000 0.083
2514.000 0.078
2515.000 0.082
2516.000 0.077
2517.000 0.081
2518.000 0.086
2519.000 0.077
2520.000 0.080
2521.000 0.078
2522.000 0.078
2523.000 0.079
2524.000 0.077
2525.000 0.079
2526.000 0.086
2527.000 0.073
2528.000 0.081
2529.000 0.079
2530.000 0.077
2531.000 0.074
2532.000 0.078
2533.000 0.084
2534.000 0.072
2535.000 0.074
2536.000 0.088
2537.000 0.090
2538.000 0.079
2539.000 0.083
2540.000 0.088
2541.000 0.088
2542.000 0.078
2543.000 0.079
2544.000 0.084
2545.000 0.085
2546.000 0.080
2547.000 0.081
2548.000 0.087
2549.000 0.085
2550.000 0.086
2551.000 0.085
2552.000 0.081
2553.000 0.077
2554.000 0.093
2555.000 0.078
2556.000 0.083
2557.000 0.083
2558.000 0.079
2559.000 0.080
2560.000 0.084
2561.000 0.092
2562.000 0.080
2563.000 0.084
2564.000 0.076
2565.000 0.081
2566.000 0.092
2567.000 0.088
2568.000 0.082
2569.000 0.084
2570.000 0.095
2571.000 0.090
2572.000 0.089
2573.000 0.087
2574.000 0.086
2575.000 0.086
2576.000 0.089
2577.000 0.092
2578.000 0.081
2579.000 0.091
2580.000 0.083
2581.000 0.087
2582.000 0.094
2583.000 0.091
2584.000 0.092
2585.000 0.086
2586.000 0.100
2587.000 0.085
2588.000 0.086
2589.000 0.083
2590.000 0.092
2591.000 0.089
2592.000 0.091
2593.000 0.088
2594.000 0.094
2595.000 0.087
2596.000 0.089
2597.000 0.092
2598.000 0.093
2599.000 0.094
2600.000 0.096
