1006.0	998.0	1000.0
1006.0	1000.0	1000.0
1006.0	999.0	1000.0
1006.0	999.0	1000.0
1006.0	1000.0	1000.0
1006.0	998.0	1000.0
1006.0	998.0	1000.0
1006.0	999.0	1000.0
1006.0	998.0	1000.0
987.6	999.0	1000.0
912.7	999.0	1000.0
832.6	998.0	1000.0
800.0	999.0	1000.0
772.1	998.0	1000.0
743.9	999.0	1000.0
690.9	998.0	1000.0
670.9	998.0	1000.0
652.5	998.0	1000.0
610.4	999.0	1000.0
597.4	998.0	1000.0
575.7	999.0	1000.0
546.3	1000.0	1000.0
527.7	999.0	1000.0
515.7	999.0	1000.0
498.0	999.0	1000.0
472.9	999.0	1000.0
454.6	999.0	1000.0
443.3	998.0	1000.0
417.1	999.0	1000.0
406.8	1000.0	1000.0
391.8	999.0	964.0
370.2	999.0	902.0
359.1	999.0	852.0
350.9	983.0	780.0
337.5	899.0	714.0
320.4	835.0	677.0
308.6	778.0	638.0
300.4	738.0	590.0
282.8	670.0	551.0
275.3	620.0	498.0
267.2	575.0	465.0
251.7	533.0	430.0
242.6	494.0	402.0
236.1	465.0	382.0
229.7	429.0	360.0
214.8	394.0	342.0
209.3	375.0	326.0
201.4	356.0	305.0
195.4	338.0	288.0
182.1	317.0	273.0
176.2	299.0	252.0
171.5	282.0	236.0
171.5	267.0	221.0
155.4	249.0	205.0
151.2	232.0	196.0
146.1	211.0	188.0
136.9	196.0	179.0
133.0	188.0	174.0
128.8	179.0	164.0
120.3	171.0	156.0
116.6	163.0	147.0
113.3	155.0	139.0
105.7	146.0	131.0
102.3	138.0	123.0
99.1	130.0	115.0
93.4	122.0	108.0
90.2	114.0	102.0
87.0	107.0	97.9
81.6	101.0	94.0
79.1	95.7	90.1
76.8	92.3	86.2
71.9	88.3	82.0
69.4	84.8	78.5
67.1	80.6	75.0
63.0	77.2	71.4
61.0	73.7	67.8
59.2	70.1	64.6
55.6	66.8	61.6
53.7	63.1	59.1
51.7	59.9	56.8
48.4	57.3	54.3
46.9	54.9	52.0
45.2	52.8	49.8
42.5	50.9	47.6
41.0	48.6	45.3
39.7	46.6	43.0
37.4	44.4	41.3
36.0	42.2	40.1
35.0	40.2	38.9
32.5	38.7	37.7
31.3	37.5	36.4
30.5	36.3	35.2
28.4	35.3	34.1
27.6	34.0	32.9
26.6	32.9	31.7
24.9	31.8	30.6
24.1	30.6	29.4
23.4	29.5	28.2
21.8	28.4	27.1
21.1	27.3	26.0
20.4	26.2	24.9
19.1	25.2	23.9
18.5	24.2	22.9
17.9	23.2	21.9
16.7	22.2	20.9
16.2	21.3	20.3
15.6	20.3	19.7
14.6	19.5	19.1
14.2	19.0	18.5
13.8	18.4	18.0
13.0	17.9	17.4
12.7	17.3	16.8
12.1	16.8	16.3
11.7	16.3	15.8
11.3	15.8	15.3
10.8	15.2	14.7
10.4	14.7	14.2
10.0	14.3	13.7
9.3	13.8	13.3
9.1	13.4	12.8
9.1	12.9	12.4
8.3	12.5	11.9
8.1	12.0	11.5
7.6	11.7	11.1
7.3	11.2	10.7
7.0	10.9	10.4
6.6	10.5	10.1
6.5	10.1	9.82
6.3	9.79	9.56
6.0	9.54	9.31
5.9	9.29	9.07
5.6	9.04	8.82
5.4	8.82	8.59
5.2	8.59	8.36
4.9	8.36	8.14
4.7	8.15	7.93
4.5	7.93	7.73
4.4	7.73	7.54
4.3	7.54	7.35
4.1	7.36	7.17
4.0	7.19	6.99
3.8	7.01	6.81
3.7	6.84	6.65
3.6	6.68	6.48
3.4	6.51	6.33
3.3	6.36	6.19
3.1	6.22	6.07
3.1	6.08	5.95
3.0	5.93	5.82
2.9	5.81	5.7
2.9	5.7	5.59
2.8	5.59	5.48
2.7	5.48	5.37
2.6	5.37	5.26
2.5	5.27	5.16
2.5	5.17	5.05
2.3	5.06	4.94
2.3	4.96	4.85
2.2	4.87	4.76
2.1	4.79	4.67
2.1	4.7	4.59
2.0	4.61	4.5
2.0	4.54	4.42
2.0	4.45	4.34
1.9	4.38	4.26
1.9	4.29	4.18
1.8	4.21	4.11
1.8	4.14	4.04
1.7	4.06	3.97
1.7	4.0	3.91
1.7	3.93	3.85
1.6	3.87	3.79
1.6	3.81	3.73
1.5	3.75	3.67
1.5	3.69	3.6
1.5	3.64	3.55
1.4	3.58	3.5
1.4	3.52	3.44
1.4	3.47	3.39
1.4	3.42	3.34
1.3	3.37	3.29
1.3	3.33	3.24
1.3	3.28	3.2
1.3	3.23	3.15
1.3	3.18	3.1
1.2	3.14	3.06
1.2	3.09	3.02
1.2	3.05	2.97
1.2	3.01	2.93
1.1	2.97	2.89
1.1	2.93	2.85
1.1	2.89	2.81
1.1	2.85	2.77
1.0	2.81	2.73
1.0	2.77	2.69
1.0	2.73	2.66
0.98	2.7	2.62
0.97	2.66	2.59
0.95	2.63	2.55
0.94	2.6	2.52
0.93	2.56	2.49
0.92	2.53	2.46
0.9	2.5	2.43
0.9	2.47	2.4
0.89	2.44	2.37
0.87	2.41	2.34
0.86	2.39	2.31
0.85	2.36	2.29
0.83	2.33	2.26
0.82	2.3	2.23
0.81	2.28	2.21
0.8	2.25	2.18
0.79	2.22	2.16
0.77	2.2	2.13
0.77	2.18	2.11
0.75	2.15	2.09
0.75	2.13	2.06
0.74	2.1	2.04
0.73	2.08	2.02
0.72	2.06	1.99
0.7	2.03	1.97
0.69	2.02	1.95
0.68	2.0	1.93
0.68	1.98	1.91
0.67	1.95	1.89
0.66	1.93	1.87
0.66	1.91	1.85
0.65	1.89	1.83
0.64	1.87	1.81
0.63	1.85	1.79
0.63	1.83	1.77
0.62	1.81	1.75
0.61	1.79	1.74
0.61	1.78	1.72
0.6	1.76	1.7
0.6	1.74	1.68
0.59	1.73	1.67
0.59	1.71	1.65
0.58	1.69	1.63
0.57	1.68	1.61
0.57	1.66	1.6
0.56	1.64	1.58
0.55	1.62	1.57
0.55	1.61	1.55
0.54	1.59	1.54
0.54	1.58	1.52
0.53	1.56	1.51
0.52	1.55	1.49
0.52	1.53	1.48
0.51	1.52	1.46
0.51	1.5	1.45
0.5	1.49	1.44
0.49	1.47	1.42
0.48	1.46	1.41
0.48	1.44	1.4
0.48	1.43	1.38
0.47	1.42	1.37
0.47	1.4	1.36
0.47	1.39	1.35
0.46	1.38	1.34
0.45	1.37	1.32
0.45	1.36	1.31
0.45	1.34	1.3
0.44	1.33	1.29
0.44	1.32	1.28
0.43	1.31	1.27
0.43	1.3	1.26
0.43	1.29	1.25
0.43	1.28	1.24
0.42	1.27	1.23
0.42	1.26	1.22
0.42	1.25	1.21
0.41	1.24	1.2
0.41	1.23	1.19
0.4	1.22	1.18
0.4	1.21	1.17
0.4	1.2	1.16
0.4	1.19	1.15
0.39	1.18	1.14
0.39	1.17	1.14
0.38	1.16	1.13
0.38	1.16	1.12
0.39	1.15	1.11
0.38	1.14	1.1
0.37	1.13	1.09
0.37	1.12	1.09
0.37	1.11	1.08
0.37	1.1	1.07
0.36	1.09	1.06
0.36	1.09	1.05
0.36	1.08	1.05
0.35	1.07	1.04
0.35	1.06	1.03
0.35	1.06	1.02
0.34	1.05	1.01
0.34	1.04	1.01
0.33	1.03	0.997
0.33	1.03	0.99
0.32	1.02	0.983
0.32	1.01	0.975
0.32	1.0	0.968
0.32	0.998	0.961
0.32	0.991	0.953
0.32	0.984	0.946
0.32	0.976	0.94
0.31	0.969	0.933
0.31	0.963	0.926
0.31	0.955	0.92
0.3	0.948	0.913
0.3	0.941	0.906
0.3	0.935	0.899
0.3	0.928	0.893
0.3	0.92	0.887
0.3	0.915	0.88
0.3	0.908	0.874
0.3	0.901	0.868
0.29	0.895	0.862
0.29	0.889	0.856
0.29	0.885	0.85
0.29	0.879	0.845
0.29	0.872	0.839
0.29	0.866	0.833
0.29	0.86	0.828
0.28	0.854	0.822
0.28	0.848	0.817
0.28	0.842	0.811
0.27	0.837	0.806
0.27	0.831	0.8
0.27	0.826	0.795
0.26	0.821	0.789
0.26	0.815	0.784
0.26	0.809	0.779
0.26	0.804	0.773
0.26	0.798	0.768
0.26	0.794	0.763
0.26	0.789	0.757
0.25	0.783	0.752
0.25	0.778	0.748
0.25	0.773	0.742
0.25	0.767	0.738
0.25	0.762	0.733
0.25	0.757	0.729
0.25	0.752	0.724
0.24	0.748	0.72
0.24	0.742	0.715
0.24	0.738	0.71
0.24	0.732	0.706
0.24	0.728	0.702
0.24	0.723	0.698
0.23	0.719	0.694
0.23	0.715	0.69
0.23	0.711	0.685
0.23	0.706	0.681
0.23	0.701	0.677
0.22	0.697	0.673
0.23	0.693	0.669
0.22	0.689	0.665
0.22	0.685	0.661
0.22	0.68	0.657
0.22	0.676	0.653
0.22	0.672	0.649
0.22	0.669	0.646
0.21	0.664	0.642
0.21	0.661	0.638
0.21	0.657	0.635
0.21	0.654	0.631
0.21	0.649	0.628
0.21	0.645	0.624
0.21	0.641	0.62
0.21	0.638	0.616
0.21	0.635	0.612
0.21	0.631	0.608
0.21	0.627	0.604
0.21	0.624	0.601
0.21	0.62	0.597
0.2	0.617	0.594
0.2	0.613	0.59
0.2	0.609	0.586
0.2	0.606	0.583
0.2	0.602	0.579
0.2	0.599	0.575
0.19	0.596	0.572
0.19	0.592	0.568
0.19	0.589	0.564
0.19	0.586	0.561
0.19	0.582	0.557
0.19	0.578	0.554
0.19	0.575	0.55
0.19	0.571	0.547
0.19	0.568	0.544
0.19	0.564	0.541
0.19	0.561	0.537
0.19	0.558	0.535
0.19	0.555	0.531
0.19	0.551	0.528
0.19	0.548	0.525
0.19	0.544	0.522
0.18	0.541	0.52
0.18	0.538	0.517
0.18	0.535	0.514
0.18	0.532	0.511
0.18	0.529	0.508
0.18	0.526	0.506
0.18	0.523	0.503
0.18	0.52	0.5
0.18	0.517	0.498
0.18	0.514	0.495
0.18	0.511	0.492
0.17	0.509	0.49
0.17	0.506	0.487
0.17	0.503	0.484
0.17	0.5	0.482
0.17	0.498	0.479
0.17	0.495	0.477
0.17	0.493	0.474
0.17	0.49	0.472
0.17	0.487	0.469
0.16	0.484	0.466
0.16	0.482	0.464
0.16	0.479	0.462
0.16	0.477	0.459
0.16	0.474	0.457
0.16	0.471	0.455
0.15	0.469	0.453
0.15	0.467	0.451
0.15	0.465	0.448
0.15	0.462	0.446
0.15	0.46	0.444
0.15	0.457	0.442
0.15	0.455	0.44
0.15	0.452	0.438
0.15	0.45	0.435
0.15	0.448	0.434
0.15	0.445	0.431
0.15	0.443	0.429
0.14	0.441	0.427
0.15	0.439	0.425
0.14	0.437	0.423
0.14	0.435	0.421
0.14	0.433	0.419
0.14	0.43	0.417
0.14	0.428	0.415
0.14	0.426	0.412
0.14	0.424	0.409
0.14	0.422	0.407
0.14	0.42	0.405
0.14	0.418	0.402
0.14	0.416	0.4
0.14	0.414	0.397
0.14	0.412	0.395
0.14	0.41	0.393
0.14	0.408	0.39
0.13	0.406	0.388
0.13	0.404	0.386
0.13	0.402	0.384
0.13	0.4	0.382
0.13	0.398	0.38
0.13	0.396	0.377
0.13	0.395	0.375
0.13	0.393	0.373
0.13	0.391	0.371
0.13	0.389	0.369
0.13	0.386	0.367
0.13	0.384	0.364
0.13	0.382	0.362
0.13	0.381	0.36
0.13	0.378	0.358
0.13	0.377	0.356
0.13	0.374	0.354
0.12	0.372	0.352
0.12	0.37	0.351
0.12	0.368	0.349
0.12	0.365	0.346
0.12	0.363	0.344
0.12	0.361	0.343
0.12	0.359	0.341
0.12	0.357	0.339
0.12	0.354	0.337
0.12	0.353	0.335
0.12	0.351	0.333
0.12	0.349	0.331
0.12	0.347	0.329
0.12	0.344	0.328
0.12	0.343	0.326
0.12	0.341	0.325
0.12	0.339	0.323
0.12	0.337	0.321
0.11	0.335	0.32
0.11	0.333	0.318
0.11	0.331	0.316
0.11	0.329	0.315
0.11	0.326	0.313
0.11	0.324	0.311
0.11	0.322	0.31
0.11	0.32	0.308
0.11	0.319	0.307
0.11	0.317	0.305
0.11	0.315	0.304
0.11	0.314	0.302
0.11	0.312	0.301
0.11	0.311	0.299
0.11	0.309	0.298
0.11	0.307	0.296
0.11	0.306	0.295
0.11	0.304	0.293
0.1	0.302	0.292
0.1	0.301	0.29
0.1	0.3	0.289
0.1	0.298	0.288
0.11	0.296	0.286
0.1	0.295	0.285
0.1	0.294	0.284
0.11	0.292	0.282
0.1	0.291	0.281
0.1	0.289	0.28
0.1	0.288	0.278
0.1	0.286	0.277
0.099	0.285	0.276
0.099	0.283	0.275
0.099	0.282	0.273
0.098	0.28	0.272
0.098	0.279	0.271
0.098	0.278	0.27
0.097	0.276	0.268
0.097	0.275	0.267
0.097	0.274	0.266
0.099	0.273	0.265
0.096	0.272	0.264
0.096	0.271	0.262
0.095	0.269	0.261
0.095	0.268	0.26
0.094	0.267	0.259
0.094	0.266	0.257
0.094	0.264	0.256
0.093	0.263	0.255
0.096	0.262	0.254
0.093	0.261	0.253
0.092	0.259	0.252
0.092	0.258	0.251
0.092	0.257	0.249
0.091	0.255	0.248
0.091	0.255	0.247
0.091	0.253	0.246
0.09	0.253	0.245
0.093	0.252	0.244
0.09	0.25	0.243
0.089	0.249	0.242
0.092	0.248	0.241
0.089	0.247	0.24
0.088	0.245	0.239
0.088	0.244	0.238
0.088	0.243	0.237
0.087	0.242	0.236
0.087	0.241	0.235
0.087	0.24	0.234
0.086	0.239	0.233
0.086	0.238	0.232
0.086	0.237	0.231
0.085	0.236	0.23
0.085	0.235	0.229
0.085	0.234	0.229
0.085	0.233	0.228
0.084	0.232	0.227
0.087	0.231	0.226
0.084	0.23	0.225
0.083	0.229	0.224
0.083	0.228	0.223
0.082	0.227	0.222
0.082	0.226	0.221
0.082	0.225	0.22
0.082	0.224	0.219
0.081	0.223	0.218
0.081	0.222	0.217
0.081	0.221	0.217
0.08	0.22	0.216
0.08	0.219	0.215
0.08	0.218	0.214
0.079	0.217	0.213
0.079	0.216	0.212
0.079	0.215	0.211
0.078	0.215	0.21
0.078	0.214	0.21
0.078	0.213	0.209
0.078	0.212	0.208
0.077	0.211	0.207
0.077	0.21	0.206
0.077	0.21	0.205
0.079	0.209	0.204
0.076	0.208	0.203
0.076	0.207	0.202
0.076	0.206	0.201
0.075	0.205	0.2
0.075	0.205	0.199
0.075	0.204	0.198
0.074	0.203	0.197
0.074	0.202	0.196
0.074	0.202	0.195
0.074	0.201	0.194
0.073	0.2	0.193
0.073	0.199	0.192
