110.000 0.844
120.000 0.522
130.000 0.808
140.000 1.134
150.000 0.773
160.000 0.753
170.000 1.502
180.000 1.468
190.000 2.120
200.000 1.554
210.000 1.293
220.000 1.463
230.000 1.885
240.000 1.704
250.000 1.558
260.000 1.694
270.000 2.195
280.000 2.419
290.000 1.978
300.000 2.168
310.000 2.363
320.000 2.685
330.000 2.815
340.000 3.046
350.000 3.479
360.000 3.702
370.000 3.865
380.000 4.470
390.000 4.378
400.000 5.002
410.000 5.449
420.000 6.272
430.000 6.833
440.000 7.028
450.000 8.127
460.000 8.721
470.000 9.109
480.000 9.718
490.000 9.985
500.000 9.983
510.000 10.315
520.000 10.068
530.000 10.522
540.000 10.395
550.000 10.564
560.000 9.896
570.000 9.870
580.000 9.776
590.000 9.860
600.000 9.997
610.000 10.559
620.000 10.952
630.000 12.008
640.000 12.081
650.000 13.525
660.000 17.180
670.000 18.820
680.000 26.643
690.000 32.466
700.000 48.051
710.000 42.870
720.000 26.940
730.000 15.607
740.000 12.596
750.000 8.875
760.000 6.778
770.000 6.191
780.000 4.660
790.000 4.367
800.000 3.611
810.000 3.038
820.000 2.774
830.000 2.506
840.000 2.255
850.000 1.919
860.000 1.663
870.000 1.590
880.000 1.553
890.000 1.344
900.000 1.150
910.000 1.034
920.000 0.976
930.000 0.862
940.000 0.818
950.000 0.763
960.000 0.769
970.000 0.738
980.000 0.710
990.000 0.744
1000.000 0.683
1010.000 0.634
1020.000 0.656
1030.000 0.647
1040.000 0.651
1050.000 0.622
1060.000 0.620
1070.000 0.609
1080.000 0.616
1090.000 0.618
1100.000 0.619
1110.000 0.674
1120.000 0.730
1130.000 0.729
1140.000 0.752
1150.000 0.805
1160.000 0.896
1170.000 0.937
1180.000 1.002
1190.000 1.054
1200.000 1.166
1210.000 1.279
1220.000 1.357
1230.000 1.508
1240.000 1.608
1250.000 1.793
1260.000 2.144
1270.000 2.212
1280.000 2.609
1290.000 2.794
1300.000 3.271
1310.000 3.797
1320.000 4.675
1330.000 5.958
1340.000 6.870
1350.000 9.667
1360.000 12.025
1370.000 18.782
1380.000 27.713
1390.000 27.022
1400.000 15.004
1410.000 12.551
1420.000 10.191
1430.000 7.447
1440.000 6.640
1450.000 5.723
1460.000 5.314
1470.000 4.870
1480.000 4.432
1490.000 4.267
1500.000 4.030
1510.000 3.881
1520.000 3.690
1530.000 3.553
1540.000 3.499
1550.000 3.388
1560.000 3.350
1570.000 3.222
1580.000 3.147
1590.000 3.170
1600.000 3.141
1610.000 3.088
1620.000 3.049
1630.000 3.001
1640.000 2.998
1650.000 2.941
1660.000 2.968
1670.000 2.891
1680.000 2.821
1690.000 2.803
1700.000 2.738
1710.000 2.680
1720.000 2.525
1730.000 2.382
1740.000 2.328
1750.000 2.180
1760.000 2.196
1770.000 2.285
1780.000 2.607
1790.000 2.807
1800.000 3.347
1810.000 3.692
1820.000 4.350
1830.000 4.970
1840.000 5.315
1850.000 5.983
1860.000 6.384
1870.000 7.117
1880.000 7.815
1890.000 8.185
1900.000 9.047
1910.000 9.478
1920.000 10.514
1930.000 11.669
1940.000 12.066
1950.000 13.452
1960.000 14.314
1970.000 15.766
1980.000 17.851
1990.000 19.072
2000.000 21.878
2010.000 23.402
2020.000 26.874
2030.000 31.129
2040.000 33.547
2050.000 38.324
2060.000 40.491
2070.000 43.160
2080.000 42.384
2090.000 40.733
2100.000 36.090
2110.000 33.582
2120.000 28.731
2130.000 24.639
2140.000 22.943
2150.000 19.960
2160.000 18.685
2170.000 16.500
2180.000 14.723
2190.000 13.945
2200.000 12.605
2210.000 11.997
2220.000 10.961
2230.000 10.085
2240.000 9.662
2250.000 8.967
2260.000 8.634
2270.000 8.055
2280.000 7.577
2290.000 7.334
2300.000 6.931
2310.000 6.752
2320.000 6.388
2330.000 6.124
2340.000 5.949
2350.000 5.733
2360.000 5.598
2370.000 5.393
2380.000 5.231
2390.000 5.128
2400.000 5.010
2410.000 4.917
2420.000 4.809
2430.000 4.718
2440.000 4.684
2450.000 4.623
2460.000 4.585
2470.000 4.549
2480.000 4.538
2490.000 4.535
2500.000 4.532
2510.000 4.516
2520.000 4.552
2530.000 4.569
2540.000 4.634
2550.000 4.720
2560.000 4.772
2570.000 4.885
2580.000 4.958
2590.000 5.108
2600.000 5.311
2610.000 5.454
2620.000 5.712
2630.000 5.907
2640.000 6.250
2650.000 6.691
2660.000 6.993
2670.000 7.645
2680.000 8.034
2690.000 9.018
2700.000 10.308
2710.000 11.158
2720.000 13.372
2730.000 14.840
2740.000 19.045
2750.000 26.041
2760.000 30.902
2770.000 41.824
2780.000 43.549
2790.000 31.467
2800.000 20.468
2810.000 17.279
2820.000 13.051
2830.000 11.616
2840.000 9.492
2850.000 8.040
2860.000 7.459
2870.000 6.509
2880.000 6.135
2890.000 5.473
2900.000 4.941
2910.000 4.735
2920.000 4.349
2930.000 4.181
2940.000 3.886
2950.000 3.621
2960.000 3.518
2970.000 3.325
2980.000 3.235
2990.000 3.090
3000.000 2.940
3010.000 2.892
3020.000 2.789
3030.000 2.727
3040.000 2.651
3050.000 2.564
3060.000 2.553
3070.000 2.474
3080.000 2.473
3090.000 2.422
3100.000 2.397
3110.000 2.383
3120.000 2.359
3130.000 2.349
3140.000 2.332
3150.000 2.340
3160.000 2.341
3170.000 2.349
3180.000 2.364
3190.000 2.395
3200.000 2.431
3210.000 2.450
3220.000 2.503
3230.000 2.532
3240.000 2.610
3250.000 2.685
3260.000 2.736
3270.000 2.846
3280.000 2.907
3290.000 3.059
3300.000 3.235
3310.000 3.335
3320.000 3.570
3330.000 3.702
3340.000 4.034
3350.000 4.436
3360.000 4.675
3370.000 5.267
3380.000 5.645
3390.000 6.634
3400.000 7.986
3410.000 8.902
3420.000 11.564
3430.000 13.529
3440.000 19.505
3450.000 28.059
3460.000 30.590
3470.000 22.084
3480.000 16.983
3490.000 11.486
3500.000 8.601
3510.000 7.661
3520.000 6.237
3530.000 5.712
3540.000 4.898
3550.000 4.279
3560.000 4.023
3570.000 3.601
3580.000 3.426
3590.000 3.158
3600.000 2.884
3610.000 2.783
3620.000 2.574
3630.000 2.504
3640.000 2.358
3650.000 2.283
3660.000 2.169
3670.000 2.072
3680.000 2.039
3690.000 1.972
3700.000 1.941
3710.000 1.861
3720.000 1.816
3730.000 1.791
3740.000 1.747
3750.000 1.728
3760.000 1.708
3770.000 1.663
3780.000 1.650
3790.000 1.646
3800.000 1.637
3810.000 1.623
3820.000 1.620
3830.000 1.616
3840.000 1.613
3850.000 1.624
3860.000 1.636
3870.000 1.658
3880.000 1.662
3890.000 1.703
3900.000 1.701
3910.000 1.748
3920.000 1.805
3930.000 1.830
3940.000 1.895
3950.000 1.908
3960.000 1.994
3970.000 2.113
3980.000 2.170
3990.000 2.297
4000.000 2.353
4010.000 2.531
4020.000 2.734
4030.000 2.855
4040.000 3.156
4050.000 3.323
4060.000 3.758
4070.000 4.355
4080.000 4.726
4090.000 5.738
4100.000 6.407
4110.000 8.432
4120.000 11.763
4130.000 14.463
4140.000 21.188
4150.000 22.773
4160.000 14.983
4170.000 9.225
4180.000 7.718
4190.000 5.826
4200.000 5.187
4210.000 4.239
4220.000 3.586
4230.000 3.334
4240.000 2.893
4250.000 2.745
4260.000 2.460
4270.000 2.236
4280.000 2.153
4290.000 1.982
4300.000 1.908
4310.000 1.782
4320.000 1.653
4330.000 1.598
4340.000 1.492
4350.000 1.425
4360.000 1.314
4370.000 1.231
4380.000 1.201
4390.000 1.171
4400.000 1.151
4410.000 1.114
4420.000 1.115
4430.000 1.084
4440.000 1.064
4450.000 1.081
4460.000 1.089
4470.000 1.075
4480.000 1.083
4490.000 1.101
4500.000 1.096
4510.000 1.106
4520.000 1.129
4530.000 1.144
4540.000 1.185
4550.000 1.193
4560.000 1.239
4570.000 1.282
4580.000 1.327
4590.000 1.395
4600.000 1.428
4610.000 1.519
4620.000 1.630
4630.000 1.668
4640.000 1.821
4650.000 1.893
4660.000 2.081
4670.000 2.306
4680.000 2.419
4690.000 2.713
4700.000 2.874
4710.000 3.249
4720.000 3.715
4730.000 3.972
4740.000 4.616
4750.000 4.986
4760.000 5.915
4770.000 7.197
4780.000 8.019
4790.000 10.248
4800.000 11.832
4810.000 16.510
4820.000 23.900
4830.000 27.609
4840.000 22.605
4850.000 16.274
4860.000 9.952
4870.000 8.191
4880.000 5.924
4890.000 4.519
4900.000 4.047
4910.000 3.371
4920.000 3.140
4930.000 2.808
4940.000 2.635
4950.000 2.582
4960.000 2.561
4970.000 2.555
4980.000 2.610
4990.000 2.699
5000.000 2.749
5010.000 2.889
5020.000 2.958
5030.000 3.114
5040.000 3.277
5050.000 3.355
5060.000 3.524
5070.000 3.601
5080.000 3.778
5090.000 3.937
5100.000 4.004
5110.000 4.139
5120.000 4.181
5130.000 4.280
5140.000 4.311
5150.000 4.304
5160.000 4.224
5170.000 4.135
5180.000 3.913
5190.000 3.797
5200.000 3.813
5210.000 3.946
5220.000 4.035
5230.000 4.221
5240.000 4.444
5250.000 4.539
5260.000 4.744
5270.000 4.848
5280.000 5.033
5290.000 5.214
5300.000 5.286
5310.000 5.460
5320.000 5.550
5330.000 5.727
5340.000 5.920
5350.000 6.058
5360.000 6.332
5370.000 6.509
5380.000 6.869
5390.000 7.327
5400.000 7.590
5410.000 8.227
5420.000 8.617
5430.000 9.630
5440.000 10.214
5450.000 11.718
5460.000 13.850
5470.000 15.255
5480.000 19.314
5490.000 22.013
5500.000 30.733
5510.000 45.029
5520.000 52.231
5530.000 47.339
5540.000 35.421
5550.000 22.356
5560.000 16.145
5570.000 14.196
5580.000 11.253
5590.000 10.235
5600.000 8.667
5610.000 7.490
5620.000 7.042
5630.000 6.260
5640.000 5.922
5650.000 5.389
5660.000 4.942
5670.000 4.714
5680.000 4.388
5690.000 4.244
5700.000 3.975
5710.000 3.784
5720.000 3.657
5730.000 3.483
5740.000 3.402
5750.000 3.268
5760.000 3.142
5770.000 3.085
5780.000 2.980
5790.000 2.909
5800.000 2.880
5810.000 2.816
5820.000 2.794
5830.000 2.750
5840.000 2.706
5850.000 2.716
5860.000 2.667
5870.000 2.657
5880.000 2.658
5890.000 2.659
5900.000 2.654
5910.000 2.674
5920.000 2.696
5930.000 2.723
5940.000 2.752
5950.000 2.798
5960.000 2.841
5970.000 2.861
5980.000 2.962
5990.000 3.058
6000.000 3.097
6010.000 3.207
6020.000 3.309
6030.000 3.474
6040.000 3.568
6050.000 3.806
6060.000 4.046
6070.000 4.160
6080.000 4.509
6090.000 4.702
6100.000 5.184
6110.000 5.788
6120.000 6.149
6130.000 7.063
6140.000 7.613
6150.000 9.211
6160.000 11.526
6170.000 13.173
6180.000 17.997
6190.000 21.627
6200.000 31.379
6210.000 36.070
6220.000 30.408
6230.000 18.429
6240.000 15.256
6250.000 11.283
6260.000 8.949
6270.000 8.179
6280.000 6.884
6290.000 6.373
6300.000 5.574
6310.000 4.966
6320.000 4.703
6330.000 4.281
6340.000 4.089
6350.000 3.767
6360.000 3.503
6370.000 3.400
6380.000 3.195
6390.000 3.102
6400.000 2.942
6410.000 2.814
6420.000 2.757
6430.000 2.653
6440.000 2.591
6450.000 2.521
6460.000 2.469
6470.000 2.429
6480.000 2.385
6490.000 2.349
6500.000 2.325
6510.000 2.293
6520.000 2.286
6530.000 2.263
6540.000 2.245
6550.000 2.244
6560.000 2.252
6570.000 2.259
6580.000 2.253
6590.000 2.257
6600.000 2.285
6610.000 2.312
6620.000 2.324
6630.000 2.370
6640.000 2.376
6650.000 2.442
6660.000 2.461
6670.000 2.534
6680.000 2.615
6690.000 2.657
6700.000 2.779
6710.000 2.842
6720.000 2.991
6730.000 3.166
6740.000 3.261
6750.000 3.483
6760.000 3.604
6770.000 3.928
6780.000 4.320
6790.000 4.528
6800.000 5.082
6810.000 5.414
6820.000 6.203
6830.000 7.366
6840.000 8.114
6850.000 10.140
6860.000 11.526
6870.000 15.728
6880.000 22.432
6890.000 26.321
6900.000 28.313
6910.000 23.793
6920.000 14.993
6930.000 10.785
6940.000 9.469
6950.000 7.605
6960.000 6.914
6970.000 5.871
6980.000 5.091
6990.000 4.800
7000.000 4.290
7010.000 4.057
7020.000 3.705
7030.000 3.414
7040.000 3.286
7050.000 3.073
7060.000 2.982
7070.000 2.816
7080.000 2.676
7090.000 2.610
7100.000 2.487
7110.000 2.437
7120.000 2.361
7130.000 2.275
7140.000 2.244
7150.000 2.182
7160.000 2.158
7170.000 2.118
7180.000 2.074
7190.000 2.061
7200.000 2.047
7210.000 2.028
7220.000 2.013
7230.000 2.003
7240.000 1.999
7250.000 1.997
7260.000 2.004
7270.000 2.011
7280.000 2.033
7290.000 2.060
7300.000 2.074
7310.000 2.107
7320.000 2.120
7330.000 2.177
7340.000 2.213
7350.000 2.267
7360.000 2.304
7370.000 2.384
7380.000 2.493
7390.000 2.538
7400.000 2.659
7410.000 2.711
7420.000 2.860
7430.000 3.009
7440.000 3.119
7450.000 3.318
7460.000 3.441
7470.000 3.793
7480.000 4.658
7490.000 5.115
7500.000 5.969
7510.000 6.418
7520.000 7.517
7530.000 9.139
7540.000 10.236
7550.000 13.446
7560.000 15.719
7570.000 21.827
7580.000 28.546
7590.000 28.244
7600.000 18.862
7610.000 15.195
7620.000 10.846
7630.000 8.416
7640.000 7.490
7650.000 6.198
7660.000 5.726
7670.000 4.979
7680.000 4.392
7690.000 4.149
7700.000 3.772
7710.000 3.579
7720.000 3.315
7730.000 3.075
7740.000 2.954
7750.000 2.790
7760.000 2.701
7770.000 2.573
7780.000 2.450
7790.000 2.401
7800.000 2.298
7810.000 2.262
7820.000 2.183
7830.000 2.150
7840.000 2.099
7850.000 2.050
7860.000 2.020
7870.000 1.994
7880.000 1.968
7890.000 1.954
7900.000 1.925
7910.000 1.932
7920.000 1.932
7930.000 1.921
7940.000 1.925
7950.000 1.905
7960.000 1.900
7970.000 1.962
7980.000 1.992
7990.000 2.023
8000.000 2.057
8010.000 2.085
8020.000 2.128
8030.000 2.160
8040.000 2.231
8050.000 2.316
8060.000 2.339
8070.000 2.412
8080.000 2.482
8090.000 2.609
8100.000 2.743
8110.000 2.832
8120.000 3.011
8130.000 3.135
8140.000 3.358
8150.000 3.658
8160.000 3.855
8170.000 4.265
8180.000 4.505
8190.000 5.122
8200.000 6.054
8210.000 6.657
8220.000 8.114
8230.000 9.124
8240.000 12.185
8250.000 16.967
8260.000 20.153
8270.000 25.524
8280.000 24.716
8290.000 16.703
8300.000 11.503
8310.000 9.928
8320.000 7.735
8330.000 6.958
8340.000 5.873
8350.000 5.041
8360.000 4.727
8370.000 4.184
8380.000 3.950
8390.000 3.579
8400.000 3.260
8410.000 3.132
8420.000 2.912
8430.000 2.807
8440.000 2.654
8450.000 2.493
8460.000 2.442
8470.000 2.328
8480.000 2.274
8490.000 2.189
8500.000 2.109
8510.000 2.074
8520.000 2.027
8530.000 1.997
8540.000 1.947
8550.000 1.901
8560.000 1.894
8570.000 1.870
8580.000 1.849
8590.000 1.824
8600.000 1.822
8610.000 1.837
8620.000 1.823
8630.000 1.825
8640.000 1.820
8650.000 1.805
8660.000 1.809
8670.000 1.845
8680.000 1.862
8690.000 1.891
8700.000 1.938
8710.000 1.958
8720.000 2.017
8730.000 2.037
8740.000 2.108
8750.000 2.186
8760.000 2.227
8770.000 2.312
8780.000 2.388
8790.000 2.509
8800.000 2.674
8810.000 2.768
8820.000 2.968
8830.000 3.086
8840.000 3.348
8850.000 3.711
8860.000 3.934
8870.000 4.453
8880.000 4.763
8890.000 5.554
8900.000 6.676
8910.000 7.370
8920.000 9.407
8930.000 10.843
8940.000 14.780
8950.000 19.555
8960.000 21.461
8970.000 18.986
8980.000 15.428
8990.000 10.381
9000.000 8.916
9010.000 6.936
9020.000 5.687
9030.000 5.221
9040.000 4.489
9050.000 4.188
9060.000 3.687
9070.000 3.327
9080.000 3.176
9090.000 2.900
9100.000 2.788
9110.000 2.589
9120.000 2.416
9130.000 2.341
9140.000 2.212
9150.000 2.165
9160.000 2.063
9170.000 1.967
9180.000 1.923
9190.000 1.857
9200.000 1.828
9210.000 1.788
9220.000 1.740
9230.000 1.728
9240.000 1.674
9250.000 1.669
9260.000 1.638
9270.000 1.606
9280.000 1.602
9290.000 1.602
9300.000 1.613
9310.000 1.600
9320.000 1.608
9330.000 1.604
9340.000 1.613
9350.000 1.633
9360.000 1.644
9370.000 1.670
9380.000 1.680
9390.000 1.718
9400.000 1.731
9410.000 1.772
9420.000 1.817
9430.000 1.856
9440.000 1.926
9450.000 1.966
9460.000 2.057
9470.000 2.171
9480.000 2.205
9490.000 2.355
9500.000 2.438
9510.000 2.626
9520.000 2.833
9530.000 2.970
9540.000 3.276
9550.000 3.442
9560.000 3.902
9570.000 4.500
9580.000 4.884
9590.000 5.944
9600.000 6.577
9610.000 8.424
9620.000 11.306
9630.000 13.156
9640.000 16.473
9650.000 16.900
9660.000 13.604
9670.000 10.205
9680.000 8.759
9690.000 6.629
9700.000 5.901
9710.000 4.832
9720.000 4.053
9730.000 3.771
9740.000 3.300
9750.000 3.125
9760.000 2.825
9770.000 2.544
9780.000 2.432
9790.000 2.276
9800.000 2.176
9810.000 2.033
9820.000 1.914
9830.000 1.858
9840.000 1.782
9850.000 1.729
9860.000 1.666
9870.000 1.601
9880.000 1.564
9890.000 1.521
9900.000 1.494
9910.000 1.467
9920.000 1.426
9930.000 1.413
9940.000 1.395
9950.000 1.374
9960.000 1.364
9970.000 1.352
9980.000 1.351
9990.000 1.349
10000.000 1.346
10010.000 1.348
10020.000 1.379
10030.000 1.385
10040.000 1.416
10050.000 1.427
10060.000 1.436
10070.000 1.405
10080.000 1.375
10090.000 1.395
10100.000 1.423
10110.000 1.483
10120.000 1.542
10130.000 1.581
10140.000 1.659
10150.000 1.701
10160.000 1.793
10170.000 1.902
10180.000 1.971
10190.000 2.111
10200.000 2.194
10210.000 2.395
10220.000 2.503
10230.000 2.759
10240.000 3.107
10250.000 3.311
10260.000 3.827
10270.000 4.152
10280.000 4.998
10290.000 6.114
10300.000 6.918
10310.000 9.210
10320.000 10.642
10330.000 13.403
10340.000 12.770
10350.000 10.962
10360.000 7.583
10370.000 6.569
10380.000 5.116
10390.000 4.179
10400.000 3.812
10410.000 3.268
10420.000 3.043
10430.000 2.706
10440.000 2.423
10450.000 2.315
10460.000 2.122
10470.000 2.026
10480.000 1.892
10490.000 1.754
10500.000 1.666
10510.000 1.523
10520.000 1.458
10530.000 1.388
10540.000 1.330
10550.000 1.307
10560.000 1.266
10570.000 1.247
10580.000 1.209
10590.000 1.183
10600.000 1.163
10610.000 1.139
10620.000 1.127
10630.000 1.116
10640.000 1.107
10650.000 1.103
10660.000 1.100
10670.000 1.099
10680.000 1.105
10690.000 1.113
10700.000 1.127
10710.000 1.119
10720.000 1.128
10730.000 1.133
10740.000 1.157
10750.000 1.159
10760.000 1.189
10770.000 1.193
10780.000 1.211
10790.000 1.271
10800.000 1.272
10810.000 1.324
10820.000 1.342
10830.000 1.397
10840.000 1.461
10850.000 1.490
10860.000 1.589
10870.000 1.634
10880.000 1.756
10890.000 1.892
10900.000 1.964
10910.000 2.157
10920.000 2.260
10930.000 2.541
10940.000 2.890
10950.000 3.098
10960.000 3.624
10970.000 3.955
10980.000 4.809
10990.000 6.146
11000.000 7.028
11010.000 9.364
11020.000 10.529
11030.000 11.088
11040.000 8.336
11050.000 7.007
11060.000 5.196
11070.000 4.564
11080.000 3.688
11090.000 3.043
11100.000 2.806
11110.000 2.437
11120.000 2.309
11130.000 2.058
11140.000 1.866
11150.000 1.771
11160.000 1.629
11170.000 1.573
11180.000 1.479
11190.000 1.385
11200.000 1.337
11210.000 1.265
11220.000 1.237
11230.000 1.195
11240.000 1.140
11250.000 1.115
11260.000 1.074
11270.000 1.059
11280.000 1.031
11290.000 1.003
11300.000 0.996
11310.000 0.971
11320.000 0.966
11330.000 0.947
11340.000 0.944
11350.000 0.931
11360.000 0.922
11370.000 0.923
11380.000 0.917
11390.000 0.923
11400.000 0.919
11410.000 0.918
11420.000 0.922
11430.000 0.933
11440.000 0.935
11450.000 0.963
11460.000 1.027
11470.000 1.048
11480.000 1.094
11490.000 1.106
11500.000 1.144
11510.000 1.184
11520.000 1.207
11530.000 1.247
11540.000 1.292
11550.000 1.364
11560.000 1.444
11570.000 1.502
11580.000 1.626
11590.000 1.685
11600.000 1.848
11610.000 2.056
11620.000 2.184
11630.000 2.486
11640.000 2.671
11650.000 3.104
11660.000 3.768
11670.000 4.206
11680.000 5.381
11690.000 6.129
11700.000 7.926
11710.000 8.847
11720.000 8.236
11730.000 6.104
11740.000 5.249
11750.000 4.004
11760.000 3.208
11770.000 2.922
11780.000 2.459
11790.000 2.280
11800.000 1.992
11810.000 1.768
11820.000 1.680
11830.000 1.522
11840.000 1.448
11850.000 1.341
11860.000 1.239
11870.000 1.200
11880.000 1.131
11890.000 1.091
11900.000 1.049
11910.000 0.991
11920.000 0.962
11930.000 0.924
11940.000 0.910
11950.000 0.900
11960.000 0.912
11970.000 0.928
11980.000 0.928
11990.000 0.908
12000.000 0.877
