110.000 1.063
120.000 1.629
130.000 1.626
140.000 1.618
150.000 1.886
160.000 2.002
170.000 2.944
180.000 2.559
190.000 8.086
200.000 7.498
210.000 14.419
220.000 5.751
230.000 4.301
240.000 13.660
250.000 7.449
260.000 3.391
270.000 3.325
280.000 3.191
290.000 3.179
300.000 3.477
310.000 3.340
320.000 3.902
330.000 3.743
340.000 3.805
350.000 4.189
360.000 4.600
370.000 4.978
380.000 4.875
390.000 5.494
400.000 5.717
410.000 5.357
420.000 6.880
430.000 7.315
440.000 7.725
450.000 8.134
460.000 8.899
470.000 8.738
480.000 8.764
490.000 9.577
500.000 11.559
510.000 8.388
520.000 8.469
530.000 7.813
540.000 7.107
550.000 6.854
560.000 6.135
570.000 5.941
580.000 5.043
590.000 4.852
600.000 4.862
610.000 4.322
620.000 4.148
630.000 3.874
640.000 3.604
650.000 3.491
660.000 3.329
670.000 3.150
680.000 2.998
690.000 2.852
700.000 2.815
710.000 2.672
720.000 2.567
730.000 2.471
740.000 2.359
750.000 2.351
760.000 2.226
770.000 2.196
780.000 2.068
790.000 1.991
800.000 1.970
810.000 1.821
820.000 1.809
830.000 1.739
840.000 1.699
850.000 1.668
860.000 1.568
870.000 1.564
880.000 1.534
890.000 1.402
900.000 1.434
910.000 1.372
920.000 1.317
930.000 1.279
940.000 1.268
950.000 1.193
960.000 1.359
970.000 1.402
980.000 1.468
990.000 1.546
1000.000 1.570
1010.000 1.602
1020.000 1.641
1030.000 1.846
1040.000 1.980
1050.000 2.040
1060.000 2.247
1070.000 2.396
1080.000 2.829
1090.000 3.439
1100.000 3.864
1110.000 5.433
1120.000 6.314
1130.000 7.970
1140.000 11.709
1150.000 13.931
1160.000 14.753
1170.000 12.881
1180.000 8.867
1190.000 7.021
1200.000 6.341
1210.000 5.288
1220.000 4.833
1230.000 4.291
1240.000 3.886
1250.000 3.717
1260.000 3.436
1270.000 3.388
1280.000 3.239
1290.000 3.049
1300.000 2.992
1310.000 2.890
1320.000 2.803
1330.000 2.810
1340.000 2.731
1350.000 2.645
1360.000 2.635
1370.000 2.654
1380.000 2.636
1390.000 2.598
1400.000 2.558
1410.000 2.586
1420.000 2.560
1430.000 2.592
1440.000 2.615
1450.000 2.573
1460.000 2.601
1470.000 2.615
1480.000 2.582
1490.000 2.628
1500.000 2.615
1510.000 2.652
1520.000 2.655
1530.000 2.673
1540.000 2.701
1550.000 2.735
1560.000 2.722
1570.000 2.764
1580.000 2.787
1590.000 2.816
1600.000 2.840
1610.000 2.847
1620.000 2.880
1630.000 2.857
1640.000 2.914
1650.000 2.893
1660.000 2.892
1670.000 2.881
1680.000 2.868
1690.000 2.829
1700.000 2.751
1710.000 2.641
1720.000 2.570
1730.000 2.420
1740.000 2.340
1750.000 2.192
1760.000 2.175
1770.000 2.262
1780.000 2.516
1790.000 2.732
1800.000 3.200
1810.000 3.732
1820.000 4.004
1830.000 4.508
1840.000 4.767
1850.000 5.266
1860.000 5.695
1870.000 5.896
1880.000 6.336
1890.000 6.478
1900.000 6.934
1910.000 7.188
1920.000 7.478
1930.000 7.776
1940.000 8.088
1950.000 8.389
1960.000 8.753
1970.000 9.048
1980.000 9.368
1990.000 9.544
2000.000 9.931
2010.000 10.226
2020.000 10.379
2030.000 10.785
2040.000 10.992
2050.000 11.416
2060.000 11.829
2070.000 12.030
2080.000 12.437
2090.000 12.703
2100.000 13.139
2110.000 13.640
2120.000 13.953
2130.000 14.540
2140.000 14.818
2150.000 15.467
2160.000 16.174
2170.000 16.584
2180.000 17.457
2190.000 17.949
2200.000 19.006
2210.000 20.299
2220.000 21.064
2230.000 22.800
2240.000 23.838
2250.000 26.140
2260.000 29.219
2270.000 30.933
2280.000 34.804
2290.000 37.085
2300.000 41.878
2310.000 46.354
2320.000 47.944
2330.000 48.665
2340.000 47.412
2350.000 42.535
2360.000 36.258
2370.000 33.308
2380.000 27.967
2390.000 25.756
2400.000 22.051
2410.000 19.094
2420.000 17.894
2430.000 15.761
2440.000 14.857
2450.000 13.286
2460.000 12.002
2470.000 11.411
2480.000 10.381
2490.000 9.955
2500.000 9.172
2510.000 8.471
2520.000 8.186
2530.000 7.635
2540.000 7.370
2550.000 6.893
2560.000 6.488
2570.000 6.315
2580.000 5.926
2590.000 5.796
2600.000 5.477
2610.000 5.231
2620.000 5.094
2630.000 4.873
2640.000 4.769
2650.000 4.567
2660.000 4.391
2670.000 4.320
2680.000 4.144
2690.000 4.088
2700.000 3.936
2710.000 3.811
2720.000 3.736
2730.000 3.639
2740.000 3.578
2750.000 3.487
2760.000 3.401
2770.000 3.372
2780.000 3.290
2790.000 3.232
2800.000 3.170
2810.000 3.106
2820.000 3.079
2830.000 3.011
2840.000 2.979
2850.000 2.949
2860.000 2.927
2870.000 2.884
2880.000 2.848
2890.000 2.823
2900.000 2.805
2910.000 2.786
2920.000 2.773
2930.000 2.755
2940.000 2.733
2950.000 2.718
2960.000 2.703
2970.000 2.701
2980.000 2.707
2990.000 2.698
3000.000 2.715
3010.000 2.697
3020.000 2.707
3030.000 2.731
3040.000 2.725
3050.000 2.761
3060.000 2.747
3070.000 2.769
3080.000 2.815
3090.000 2.838
3100.000 2.866
3110.000 2.886
3120.000 2.923
3130.000 2.997
3140.000 3.012
3150.000 3.084
3160.000 3.114
3170.000 3.181
3180.000 3.280
3190.000 3.311
3200.000 3.415
3210.000 3.474
3220.000 3.600
3230.000 3.748
3240.000 3.817
3250.000 3.985
3260.000 4.073
3270.000 4.290
3280.000 4.543
3290.000 4.685
3300.000 4.987
3310.000 5.165
3320.000 5.557
3330.000 6.032
3340.000 6.298
3350.000 6.949
3360.000 7.343
3370.000 8.260
3380.000 9.437
3390.000 10.189
3400.000 12.090
3410.000 13.336
3420.000 16.593
3430.000 21.632
3440.000 24.974
3450.000 33.106
3460.000 35.625
3470.000 31.894
3480.000 26.905
3490.000 19.141
3500.000 14.509
3510.000 12.881
3520.000 10.512
3530.000 9.605
3540.000 8.169
3550.000 7.080
3560.000 6.654
3570.000 5.924
3580.000 5.599
3590.000 5.070
3600.000 4.647
3610.000 4.452
3620.000 4.105
3630.000 3.963
3640.000 3.681
3650.000 3.443
3660.000 3.349
3670.000 3.160
3680.000 3.067
3690.000 2.905
3700.000 2.748
3710.000 2.668
3720.000 2.578
3730.000 2.520
3740.000 2.402
3750.000 2.318
3760.000 2.268
3770.000 2.192
3780.000 2.142
3790.000 2.075
3800.000 2.006
3810.000 1.984
3820.000 1.914
3830.000 1.889
3840.000 1.833
3850.000 1.796
3860.000 1.772
3870.000 1.737
3880.000 1.712
3890.000 1.661
3900.000 1.631
3910.000 1.630
3920.000 1.592
3930.000 1.579
3940.000 1.558
3950.000 1.535
3960.000 1.530
3970.000 1.496
3980.000 1.498
3990.000 1.479
4000.000 1.467
4010.000 1.471
4020.000 1.448
4030.000 1.444
4040.000 1.436
4050.000 1.437
4060.000 1.408
4070.000 1.408
4080.000 1.417
4090.000 1.399
4100.000 1.412
4110.000 1.399
4120.000 1.411
4130.000 1.417
4140.000 1.418
4150.000 1.424
4160.000 1.424
4170.000 1.442
4180.000 1.448
4190.000 1.451
4200.000 1.463
4210.000 1.480
4220.000 1.500
4230.000 1.518
4240.000 1.553
4250.000 1.568
4260.000 1.578
4270.000 1.621
4280.000 1.634
4290.000 1.676
4300.000 1.721
4310.000 1.735
4320.000 1.766
4330.000 1.799
4340.000 1.817
4350.000 1.818
4360.000 1.831
4370.000 1.842
4380.000 1.877
4390.000 1.942
4400.000 2.049
4410.000 2.108
4420.000 2.235
4430.000 2.324
4440.000 2.501
4450.000 2.719
4460.000 2.849
4470.000 3.118
4480.000 3.273
4490.000 3.661
4500.000 4.146
4510.000 4.431
4520.000 5.161
4530.000 5.623
4540.000 6.810
4550.000 8.539
4560.000 9.712
4570.000 13.056
4580.000 15.446
4590.000 21.904
4600.000 26.098
4610.000 24.478
4620.000 17.254
4630.000 14.669
4640.000 11.075
4650.000 9.983
4660.000 8.424
4670.000 7.363
4680.000 6.928
4690.000 6.270
4700.000 6.005
4710.000 5.558
4720.000 5.184
4730.000 5.036
4740.000 4.757
4750.000 4.634
4760.000 4.384
4770.000 4.158
4780.000 4.020
4790.000 3.761
4800.000 3.648
4810.000 3.371
4820.000 3.110
4830.000 2.979
4840.000 2.703
4850.000 2.582
4860.000 2.328
4870.000 2.099
4880.000 2.009
4890.000 1.832
4900.000 1.776
4910.000 1.656
4920.000 1.613
4930.000 1.599
4940.000 1.611
4950.000 1.642
4960.000 1.722
4970.000 1.829
4980.000 1.915
4990.000 2.061
5000.000 2.156
5010.000 2.339
5020.000 2.544
5030.000 2.645
5040.000 2.865
5050.000 2.997
5060.000 3.200
5070.000 3.427
5080.000 3.520
5090.000 3.737
5100.000 3.822
5110.000 3.949
5120.000 4.002
5130.000 3.961
5140.000 3.757
5150.000 3.645
5160.000 3.657
5170.000 3.843
5180.000 3.940
5190.000 4.134
5200.000 4.232
5210.000 4.386
5220.000 4.515
5230.000 4.554
5240.000 4.629
5250.000 4.676
5260.000 4.700
5270.000 4.765
5280.000 4.767
5290.000 4.789
5300.000 4.798
5310.000 4.790
5320.000 4.797
5330.000 4.811
5340.000 4.807
5350.000 4.797
5360.000 4.802
5370.000 4.822
5380.000 4.822
5390.000 4.855
5400.000 4.858
5410.000 4.911
5420.000 4.948
5430.000 4.985
5440.000 5.047
5450.000 5.084
5460.000 5.184
5470.000 5.280
5480.000 5.347
5490.000 5.493
5500.000 5.567
5510.000 5.740
5520.000 5.937
5530.000 6.054
5540.000 6.306
5550.000 6.435
5560.000 6.759
5570.000 7.132
5580.000 7.336
5590.000 7.804
5600.000 8.063
5610.000 8.699
5620.000 9.409
5630.000 9.842
5640.000 10.847
5650.000 11.448
5660.000 12.901
5670.000 14.810
5680.000 16.017
5690.000 19.130
5700.000 21.230
5710.000 26.883
5720.000 35.892
5730.000 41.849
5740.000 54.738
5750.000 57.853
5760.000 47.150
5770.000 32.037
5780.000 27.195
5790.000 20.661
5800.000 18.418
5810.000 15.050
5820.000 12.687
5830.000 11.659
5840.000 10.187
5850.000 9.552
5860.000 8.493
5870.000 8.069
5880.000 7.324
5890.000 6.702
5900.000 6.441
5910.000 5.949
5920.000 5.736
5930.000 5.352
5940.000 5.035
5950.000 4.893
5960.000 4.618
5970.000 4.486
5980.000 4.261
5990.000 4.069
6000.000 3.969
6010.000 3.797
6020.000 3.721
6030.000 3.577
6040.000 3.439
6050.000 3.386
6060.000 3.269
6070.000 3.219
6080.000 3.108
6090.000 3.031
6100.000 2.969
6110.000 2.911
6120.000 2.863
6130.000 2.810
6140.000 2.748
6150.000 2.718
6160.000 2.675
6170.000 2.649
6180.000 2.609
6190.000 2.547
6200.000 2.541
6210.000 2.499
6220.000 2.490
6230.000 2.464
6240.000 2.445
6250.000 2.436
6260.000 2.408
6270.000 2.416
6280.000 2.393
6290.000 2.383
6300.000 2.379
6310.000 2.359
6320.000 2.359
6330.000 2.350
6340.000 2.344
6350.000 2.331
6360.000 2.338
6370.000 2.344
6380.000 2.348
6390.000 2.353
6400.000 2.348
6410.000 2.361
6420.000 2.358
6430.000 2.382
6440.000 2.392
6450.000 2.405
6460.000 2.420
6470.000 2.434
6480.000 2.450
6490.000 2.501
6500.000 2.505
6510.000 2.561
6520.000 2.589
6530.000 2.625
6540.000 2.683
6550.000 2.714
6560.000 2.787
6570.000 2.834
6580.000 2.916
6590.000 2.985
6600.000 3.049
6610.000 3.145
6620.000 3.232
6630.000 3.345
6640.000 3.480
6650.000 3.550
6660.000 3.735
6670.000 3.833
6680.000 4.015
6690.000 4.257
6700.000 4.377
6710.000 4.615
6720.000 4.784
6730.000 5.089
6740.000 5.477
6750.000 5.710
6760.000 6.195
6770.000 6.488
6780.000 7.209
6790.000 8.059
6800.000 8.591
6810.000 9.875
6820.000 10.666
6830.000 12.758
6840.000 15.712
6850.000 17.663
6860.000 23.291
6870.000 26.949
6880.000 35.626
6890.000 38.942
6900.000 35.422
6910.000 25.148
6920.000 21.358
6930.000 16.186
6940.000 12.888
6950.000 11.727
6960.000 9.798
6970.000 9.097
6980.000 7.956
6990.000 7.053
7000.000 6.685
7010.000 6.034
7020.000 5.749
7030.000 5.267
7040.000 5.075
7050.000 4.731
7060.000 4.416
7070.000 4.267
7080.000 4.018
7090.000 3.897
7100.000 3.686
7110.000 3.488
7120.000 3.420
7130.000 3.259
7140.000 3.185
7150.000 3.057
7160.000 2.934
7170.000 2.880
7180.000 2.770
7190.000 2.710
7200.000 2.635
7210.000 2.574
7220.000 2.529
7230.000 2.444
7240.000 2.417
7250.000 2.366
7260.000 2.312
7270.000 2.304
7280.000 2.244
7290.000 2.234
7300.000 2.194
7310.000 2.140
7320.000 2.129
7330.000 2.092
7340.000 2.080
7350.000 2.046
7360.000 2.021
7370.000 2.002
7380.000 1.992
7390.000 1.972
7400.000 1.945
7410.000 1.928
7420.000 1.922
7430.000 1.880
7440.000 1.872
7450.000 1.853
7460.000 1.954
7470.000 2.046
7480.000 2.118
7490.000 2.149
7500.000 2.143
7510.000 2.143
7520.000 2.134
7530.000 2.135
7540.000 2.138
7550.000 2.142
7560.000 2.137
7570.000 2.141
7580.000 2.161
7590.000 2.169
7600.000 2.179
7610.000 2.210
7620.000 2.229
7630.000 2.263
7640.000 2.274
7650.000 2.311
7660.000 2.364
7670.000 2.380
7680.000 2.432
7690.000 2.462
7700.000 2.509
7710.000 2.580
7720.000 2.613
7730.000 2.697
7740.000 2.737
7750.000 2.823
7760.000 2.938
7770.000 2.976
7780.000 3.095
7790.000 3.156
7800.000 3.300
7810.000 3.460
7820.000 3.551
7830.000 3.745
7840.000 3.857
7850.000 4.095
7860.000 4.350
7870.000 4.500
7880.000 4.839
7890.000 5.034
7900.000 5.466
7910.000 5.945
7920.000 6.240
7930.000 7.008
7940.000 7.484
7950.000 8.591
7960.000 10.048
7970.000 10.969
7980.000 13.394
7990.000 14.926
8000.000 19.247
8010.000 24.646
8020.000 26.847
8030.000 30.051
8040.000 31.665
8050.000 28.332
8060.000 20.548
8070.000 17.696
8080.000 13.575
8090.000 12.201
8100.000 10.125
8110.000 8.629
8120.000 8.054
8130.000 7.087
8140.000 6.678
8150.000 6.011
8160.000 5.476
8170.000 5.276
8180.000 4.844
8190.000 4.673
8200.000 4.370
8210.000 4.209
8220.000 3.967
8230.000 3.780
8240.000 3.672
8250.000 3.499
8260.000 3.387
8270.000 3.079
8280.000 2.873
8290.000 2.814
8300.000 2.727
8310.000 2.693
8320.000 2.594
8330.000 2.519
8340.000 2.475
8350.000 2.408
8360.000 2.372
8370.000 2.314
8380.000 2.261
8390.000 2.225
8400.000 2.171
8410.000 2.152
8420.000 2.100
8430.000 2.073
8440.000 2.055
8450.000 2.009
8460.000 2.000
8470.000 1.966
8480.000 1.931
8490.000 1.932
8500.000 1.899
8510.000 1.891
8520.000 1.858
8530.000 1.846
8540.000 1.857
8550.000 1.828
8560.000 1.832
8570.000 1.809
8580.000 1.798
8590.000 1.780
8600.000 1.770
8610.000 1.774
8620.000 1.758
8630.000 1.746
8640.000 1.743
8650.000 1.783
8660.000 1.827
8670.000 1.884
8680.000 1.891
8690.000 1.895
8700.000 1.913
8710.000 1.916
8720.000 1.916
8730.000 1.944
8740.000 1.946
8750.000 1.969
8760.000 1.989
8770.000 2.007
8780.000 2.034
8790.000 2.061
8800.000 2.088
8810.000 2.110
8820.000 2.171
8830.000 2.196
8840.000 2.223
8850.000 2.290
8860.000 2.320
8870.000 2.371
8880.000 2.446
8890.000 2.488
8900.000 2.569
8910.000 2.615
8920.000 2.706
8930.000 2.817
8940.000 2.867
8950.000 3.000
8960.000 3.066
8970.000 3.225
8980.000 3.392
8990.000 3.492
9000.000 3.710
9010.000 3.827
9020.000 4.098
9030.000 4.418
9040.000 4.599
9050.000 5.029
9060.000 5.244
9070.000 5.852
9080.000 6.586
9090.000 7.023
9100.000 8.107
9110.000 8.770
9120.000 10.496
9130.000 12.944
9140.000 14.493
9150.000 18.107
9160.000 19.820
9170.000 21.988
9180.000 24.137
9190.000 24.419
9200.000 19.738
9210.000 16.871
9220.000 12.719
9230.000 10.120
9240.000 9.154
9250.000 7.699
9260.000 7.146
9270.000 6.216
9280.000 5.513
9290.000 5.225
9300.000 4.714
9310.000 4.499
9320.000 4.121
9330.000 3.803
9340.000 3.664
9350.000 3.423
9360.000 3.306
9370.000 3.105
9380.000 2.935
9390.000 2.850
9400.000 2.707
9410.000 2.630
9420.000 2.514
9430.000 2.453
9440.000 2.352
9450.000 2.260
9460.000 2.223
9470.000 2.146
9480.000 2.110
9490.000 2.040
9500.000 1.986
9510.000 1.940
9520.000 1.895
9530.000 1.867
9540.000 1.817
9550.000 1.763
9560.000 1.759
9570.000 1.723
9580.000 1.708
9590.000 1.675
9600.000 1.650
9610.000 1.629
9620.000 1.619
9630.000 1.582
9640.000 1.576
9650.000 1.565
9660.000 1.535
9670.000 1.522
9680.000 1.535
9690.000 1.508
9700.000 1.502
9710.000 1.501
9720.000 1.495
9730.000 1.493
9740.000 1.503
9750.000 1.502
9760.000 1.514
9770.000 1.512
9780.000 1.531
9790.000 1.501
9800.000 1.422
9810.000 1.383
9820.000 1.363
9830.000 1.362
9840.000 1.380
9850.000 1.401
9860.000 1.418
9870.000 1.426
9880.000 1.428
9890.000 1.446
9900.000 1.469
9910.000 1.484
9920.000 1.508
9930.000 1.516
9940.000 1.540
9950.000 1.577
9960.000 1.593
9970.000 1.623
9980.000 1.640
9990.000 1.680
10000.000 1.696
10010.000 1.741
10020.000 1.791
10030.000 1.821
10040.000 1.864
10050.000 1.900
10060.000 1.963
10070.000 2.042
10080.000 2.083
10090.000 2.190
10100.000 2.244
10110.000 2.370
10120.000 2.500
10130.000 2.577
10140.000 2.727
10150.000 2.804
10160.000 2.997
10170.000 3.229
10180.000 3.361
10190.000 3.649
10200.000 3.834
10210.000 4.220
10220.000 4.710
10230.000 4.987
10240.000 5.683
10250.000 6.128
10260.000 7.281
10270.000 8.817
10280.000 9.867
10290.000 12.409
10300.000 14.084
10310.000 17.529
10320.000 18.953
10330.000 17.865
10340.000 13.812
10350.000 12.049
10360.000 9.268
10370.000 7.594
10380.000 6.896
10390.000 5.817
10400.000 5.392
10410.000 4.710
10420.000 4.173
10430.000 3.940
10440.000 3.572
10450.000 3.377
10460.000 3.104
10470.000 2.877
10480.000 2.765
10490.000 2.574
10500.000 2.470
10510.000 2.257
10520.000 2.082
10530.000 2.020
10540.000 1.918
10550.000 1.877
10560.000 1.790
10570.000 1.715
10580.000 1.688
10590.000 1.626
10600.000 1.591
10610.000 1.531
10620.000 1.500
10630.000 1.466
10640.000 1.436
10650.000 1.401
10660.000 1.360
10670.000 1.340
10680.000 1.336
10690.000 1.305
10700.000 1.300
10710.000 1.276
10720.000 1.253
10730.000 1.250
10740.000 1.231
10750.000 1.213
10760.000 1.186
10770.000 1.174
10780.000 1.171
10790.000 1.139
10800.000 1.132
10810.000 1.120
10820.000 1.106
10830.000 1.110
10840.000 1.096
10850.000 1.089
10860.000 1.069
10870.000 1.077
10880.000 1.061
10890.000 1.060
10900.000 1.060
10910.000 1.059
10920.000 1.058
10930.000 1.069
10940.000 1.060
10950.000 1.060
10960.000 1.063
10970.000 1.079
10980.000 1.062
10990.000 1.077
11000.000 1.070
11010.000 1.093
11020.000 1.075
11030.000 1.100
11040.000 1.120
11050.000 1.117
11060.000 1.136
11070.000 1.149
11080.000 1.154
11090.000 1.175
11100.000 1.182
11110.000 1.205
11120.000 1.233
11130.000 1.241
11140.000 1.271
11150.000 1.285
11160.000 1.330
11170.000 1.360
11180.000 1.381
11190.000 1.431
11200.000 1.456
11210.000 1.508
11220.000 1.530
11230.000 1.591
11240.000 1.658
11250.000 1.678
11260.000 1.761
11270.000 1.797
11280.000 1.909
11290.000 2.062
11300.000 2.174
11310.000 2.389
11320.000 2.473
11330.000 2.666
11340.000 2.915
11350.000 3.057
11360.000 3.378
11370.000 3.580
11380.000 4.028
11390.000 4.634
11400.000 5.008
11410.000 5.964
11420.000 6.572
11430.000 8.145
11440.000 10.335
11450.000 11.584
11460.000 13.512
11470.000 13.649
11480.000 11.650
11490.000 9.091
11500.000 7.963
11510.000 6.281
11520.000 5.685
11530.000 4.715
11540.000 4.043
11550.000 3.763
11560.000 3.268
11570.000 3.078
11580.000 2.772
11590.000 2.501
11600.000 2.390
11610.000 2.201
11620.000 2.108
11630.000 1.974
11640.000 1.837
11650.000 1.773
11660.000 1.673
11670.000 1.621
11680.000 1.546
11690.000 1.459
11700.000 1.427
11710.000 1.360
11720.000 1.336
11730.000 1.274
11740.000 1.224
11750.000 1.207
11760.000 1.154
11770.000 1.145
11780.000 1.103
11790.000 1.067
11800.000 1.041
11810.000 1.019
11820.000 1.006
11830.000 0.986
11840.000 0.955
11850.000 0.953
11860.000 0.928
11870.000 0.908
11880.000 0.897
11890.000 0.884
11900.000 0.874
11910.000 0.859
11920.000 0.867
11930.000 0.835
11940.000 0.833
11950.000 0.825
11960.000 0.824
11970.000 0.811
11980.000 0.801
11990.000 0.798
12000.000 0.793
