110.000 1.446
120.000 3.377
130.000 6.423
140.000 6.728
150.000 5.525
160.000 5.669
170.000 4.309
180.000 6.102
190.000 4.944
200.000 7.811
210.000 7.761
220.000 7.972
230.000 7.828
240.000 7.362
250.000 8.079
260.000 9.079
270.000 8.553
280.000 9.129
290.000 8.748
300.000 9.931
310.000 9.547
320.000 9.480
330.000 10.585
340.000 10.469
350.000 10.401
360.000 12.155
370.000 11.609
380.000 12.515
390.000 15.064
400.000 14.925
410.000 14.176
420.000 18.900
430.000 17.621
440.000 19.276
450.000 18.634
460.000 21.998
470.000 21.368
480.000 21.152
490.000 21.289
500.000 19.751
510.000 19.990
520.000 19.508
530.000 18.672
540.000 16.566
550.000 14.523
560.000 13.507
570.000 12.503
580.000 11.110
590.000 9.862
600.000 10.307
610.000 9.447
620.000 8.043
630.000 7.779
640.000 6.921
650.000 6.640
660.000 6.021
670.000 5.536
680.000 4.995
690.000 4.719
700.000 4.616
710.000 4.249
720.000 3.897
730.000 3.767
740.000 3.578
750.000 3.399
760.000 3.170
770.000 2.960
780.000 2.858
790.000 2.635
800.000 2.523
810.000 2.294
820.000 2.160
830.000 2.055
840.000 1.854
850.000 1.808
860.000 1.673
870.000 1.586
880.000 1.466
890.000 1.360
900.000 1.315
910.000 1.175
920.000 1.112
930.000 1.018
940.000 0.936
950.000 0.896
960.000 0.900
970.000 0.886
980.000 0.866
990.000 0.867
1000.000 0.835
1010.000 0.818
1020.000 0.781
1030.000 0.766
1040.000 0.793
1050.000 0.779
1060.000 0.761
1070.000 0.728
1080.000 0.708
1090.000 0.722
1100.000 0.757
1110.000 0.768
1120.000 0.782
1130.000 0.769
1140.000 0.830
1150.000 0.848
1160.000 0.847
1170.000 0.889
1180.000 0.873
1190.000 0.951
1200.000 0.972
1210.000 1.009
1220.000 1.041
1230.000 1.064
1240.000 1.062
1250.000 1.137
1260.000 1.176
1270.000 1.207
1280.000 1.213
1290.000 1.254
1300.000 1.262
1310.000 1.351
1320.000 1.373
1330.000 1.417
1340.000 1.446
1350.000 1.487
1360.000 1.572
1370.000 1.615
1380.000 1.657
1390.000 1.691
1400.000 1.764
1410.000 1.767
1420.000 1.853
1430.000 1.870
1440.000 1.936
1450.000 1.974
1460.000 2.032
1470.000 2.076
1480.000 2.121
1490.000 2.164
1500.000 2.225
1510.000 2.279
1520.000 2.331
1530.000 2.359
1540.000 2.407
1550.000 2.446
1560.000 2.532
1570.000 2.572
1580.000 2.605
1590.000 2.679
1600.000 2.700
1610.000 2.745
1620.000 2.802
1630.000 2.793
1640.000 2.831
1650.000 2.852
1660.000 2.877
1670.000 2.853
1680.000 2.838
1690.000 2.775
1700.000 2.750
1710.000 2.656
1720.000 2.524
1730.000 2.453
1740.000 2.268
1750.000 2.206
1760.000 2.176
1770.000 2.208
1780.000 2.415
1790.000 2.817
1800.000 3.064
1810.000 3.586
1820.000 3.816
1830.000 4.249
1840.000 4.668
1850.000 4.874
1860.000 5.203
1870.000 5.370
1880.000 5.639
1890.000 5.922
1900.000 6.060
1910.000 6.288
1920.000 6.308
1930.000 6.559
1940.000 6.747
1950.000 6.826
1960.000 6.962
1970.000 7.040
1980.000 7.148
1990.000 7.310
2000.000 7.388
2010.000 7.442
2020.000 7.498
2030.000 7.546
2040.000 7.632
2050.000 7.650
2060.000 7.686
2070.000 7.689
2080.000 7.672
2090.000 7.712
2100.000 7.706
2110.000 7.683
2120.000 7.673
2130.000 7.622
2140.000 7.573
2150.000 7.534
2160.000 7.456
2170.000 7.419
2180.000 7.337
2190.000 7.288
2200.000 7.214
2210.000 7.124
2220.000 7.030
2230.000 7.013
2240.000 6.905
2250.000 6.853
2260.000 6.770
2270.000 6.715
2280.000 6.639
2290.000 6.546
2300.000 6.495
2310.000 6.423
2320.000 6.368
2330.000 6.277
2340.000 6.176
2350.000 6.143
2360.000 6.076
2370.000 6.002
2380.000 5.970
2390.000 5.879
2400.000 5.854
2410.000 5.792
2420.000 5.761
2430.000 5.694
2440.000 5.645
2450.000 5.599
2460.000 5.556
2470.000 5.531
2480.000 5.465
2490.000 5.431
2500.000 5.400
2510.000 5.358
2520.000 5.342
2530.000 5.312
2540.000 5.271
2550.000 5.277
2560.000 5.221
2570.000 5.212
2580.000 5.179
2590.000 5.158
2600.000 5.152
2610.000 5.133
2620.000 5.127
2630.000 5.095
2640.000 5.075
2650.000 5.081
2660.000 5.065
2670.000 5.070
2680.000 5.069
2690.000 5.052
2700.000 5.063
2710.000 5.034
2720.000 5.072
2730.000 5.088
2740.000 5.075
2750.000 5.071
2760.000 5.098
2770.000 5.097
2780.000 5.118
2790.000 5.149
2800.000 5.155
2810.000 5.173
2820.000 5.170
2830.000 5.207
2840.000 5.239
2850.000 5.248
2860.000 5.272
2870.000 5.300
2880.000 5.348
2890.000 5.397
2900.000 5.400
2910.000 5.454
2920.000 5.499
2930.000 5.549
2940.000 5.574
2950.000 5.659
2960.000 5.713
2970.000 5.744
2980.000 5.838
2990.000 5.868
3000.000 5.948
3010.000 6.050
3020.000 6.080
3030.000 6.206
3040.000 6.256
3050.000 6.352
3060.000 6.480
3070.000 6.547
3080.000 6.686
3090.000 6.771
3100.000 6.916
3110.000 7.077
3120.000 7.165
3130.000 7.363
3140.000 7.463
3150.000 7.686
3160.000 7.919
3170.000 8.049
3180.000 8.300
3190.000 8.438
3200.000 8.741
3210.000 9.075
3220.000 9.253
3230.000 9.640
3240.000 10.062
3250.000 10.305
3260.000 10.809
3270.000 11.091
3280.000 11.705
3290.000 12.050
3300.000 12.815
3310.000 13.662
3320.000 14.136
3330.000 15.233
3340.000 15.841
3350.000 17.254
3360.000 18.998
3370.000 19.973
3380.000 22.309
3390.000 23.702
3400.000 27.011
3410.000 31.341
3420.000 34.003
3430.000 40.676
3440.000 44.758
3450.000 54.191
3460.000 64.226
3470.000 67.882
3480.000 67.765
3490.000 63.650
3500.000 52.134
3510.000 41.801
3520.000 37.646
3530.000 30.767
3540.000 28.216
3550.000 24.143
3560.000 21.011
3570.000 19.711
3580.000 17.497
3590.000 16.556
3600.000 14.916
3610.000 13.565
3620.000 12.968
3630.000 11.920
3640.000 11.451
3650.000 10.601
3660.000 9.852
3670.000 9.511
3680.000 8.897
3690.000 8.620
3700.000 8.116
3710.000 7.651
3720.000 7.429
3730.000 7.041
3740.000 6.864
3750.000 6.517
3760.000 6.190
3770.000 6.060
3780.000 5.782
3790.000 5.650
3800.000 5.409
3810.000 5.188
3820.000 5.072
3830.000 4.867
3840.000 4.754
3850.000 4.585
3860.000 4.415
3870.000 4.350
3880.000 4.177
3890.000 4.115
3900.000 3.973
3910.000 3.819
3920.000 3.763
3930.000 3.638
3940.000 3.597
3950.000 3.482
3960.000 3.357
3970.000 3.305
3980.000 3.217
3990.000 3.176
4000.000 3.085
4010.000 3.000
4020.000 2.965
4030.000 2.870
4040.000 2.833
4050.000 2.760
4060.000 2.689
4070.000 2.659
4080.000 2.585
4090.000 2.564
4100.000 2.492
4110.000 2.425
4120.000 2.411
4130.000 2.357
4140.000 2.307
4150.000 2.257
4160.000 2.241
4170.000 2.190
4180.000 2.148
4190.000 2.121
4200.000 2.082
4210.000 2.046
4220.000 2.014
4230.000 1.972
4240.000 1.962
4250.000 1.935
4260.000 1.899
4270.000 1.869
4280.000 1.831
4290.000 1.826
4300.000 1.791
4310.000 1.773
4320.000 1.714
4330.000 1.682
4340.000 1.641
4350.000 1.571
4360.000 1.514
4370.000 1.461
4380.000 1.404
4390.000 1.395
4400.000 1.369
4410.000 1.372
4420.000 1.370
4430.000 1.352
4440.000 1.341
4450.000 1.339
4460.000 1.342
4470.000 1.343
4480.000 1.335
4490.000 1.346
4500.000 1.342
4510.000 1.335
4520.000 1.360
4530.000 1.350
4540.000 1.364
4550.000 1.368
4560.000 1.366
4570.000 1.390
4580.000 1.407
4590.000 1.413
4600.000 1.437
4610.000 1.455
4620.000 1.501
4630.000 1.522
4640.000 1.542
4650.000 1.584
4660.000 1.626
4670.000 1.660
4680.000 1.719
4690.000 1.769
4700.000 1.794
4710.000 1.824
4720.000 1.886
4730.000 1.940
4740.000 1.953
4750.000 2.011
4760.000 2.007
4770.000 2.037
4780.000 2.035
4790.000 2.032
4800.000 2.002
4810.000 1.964
4820.000 1.926
4830.000 1.840
4840.000 1.781
4850.000 1.677
4860.000 1.629
4870.000 1.524
4880.000 1.427
4890.000 1.387
4900.000 1.325
4910.000 1.305
4920.000 1.297
4930.000 1.313
4940.000 1.333
4950.000 1.408
4960.000 1.461
4970.000 1.581
4980.000 1.735
4990.000 1.818
5000.000 2.004
5010.000 2.111
5020.000 2.314
5030.000 2.547
5040.000 2.659
5050.000 2.893
5060.000 3.049
5070.000 3.295
5080.000 3.540
5090.000 3.650
5100.000 3.859
5110.000 3.953
5120.000 4.116
5130.000 4.230
5140.000 4.276
5150.000 4.297
5160.000 4.265
5170.000 4.051
5180.000 3.812
5190.000 3.784
5200.000 3.830
5210.000 3.905
5220.000 4.044
5230.000 4.210
5240.000 4.267
5250.000 4.411
5260.000 4.438
5270.000 4.504
5280.000 4.537
5290.000 4.559
5300.000 4.540
5310.000 4.525
5320.000 4.466
5330.000 4.412
5340.000 4.394
5350.000 4.316
5360.000 4.287
5370.000 4.228
5380.000 4.192
5390.000 4.137
5400.000 4.079
5410.000 4.038
5420.000 3.974
5430.000 3.955
5440.000 3.889
5450.000 3.847
5460.000 3.814
5470.000 3.768
5480.000 3.758
5490.000 3.713
5500.000 3.662
5510.000 3.639
5520.000 3.606
5530.000 3.590
5540.000 3.544
5550.000 3.525
5560.000 3.514
5570.000 3.484
5580.000 3.487
5590.000 3.448
5600.000 3.436
5610.000 3.433
5620.000 3.409
5630.000 3.405
5640.000 3.399
5650.000 3.389
5660.000 3.376
5670.000 3.365
5680.000 3.369
5690.000 3.361
5700.000 3.355
5710.000 3.357
5720.000 3.353
5730.000 3.347
5740.000 3.337
5750.000 3.355
5760.000 3.348
5770.000 3.378
5780.000 3.370
5790.000 3.387
5800.000 3.386
5810.000 3.395
5820.000 3.409
5830.000 3.412
5840.000 3.417
5850.000 3.416
5860.000 3.424
5870.000 3.459
5880.000 3.440
5890.000 3.462
5900.000 3.477
5910.000 3.478
5920.000 3.498
5930.000 3.500
5940.000 3.508
5950.000 3.524
5960.000 3.541
5970.000 3.557
5980.000 3.562
5990.000 3.591
6000.000 3.611
6010.000 3.623
6020.000 3.644
6030.000 3.654
6040.000 3.672
6050.000 3.713
6060.000 3.724
6070.000 3.743
6080.000 3.776
6090.000 3.806
6100.000 3.841
6110.000 3.870
6120.000 3.888
6130.000 3.945
6140.000 3.958
6150.000 4.011
6160.000 4.046
6170.000 4.079
6180.000 4.122
6190.000 4.166
6200.000 4.229
6210.000 4.257
6220.000 4.317
6230.000 4.340
6240.000 4.425
6250.000 4.480
6260.000 4.524
6270.000 4.590
6280.000 4.638
6290.000 4.708
6300.000 4.780
6310.000 4.825
6320.000 4.908
6330.000 4.936
6340.000 5.037
6350.000 5.144
6360.000 5.188
6370.000 5.279
6380.000 5.332
6390.000 5.443
6400.000 5.549
6410.000 5.594
6420.000 5.713
6430.000 5.780
6440.000 5.897
6450.000 6.052
6460.000 6.118
6470.000 6.269
6480.000 6.341
6490.000 6.504
6500.000 6.672
6510.000 6.784
6520.000 6.965
6530.000 7.084
6540.000 7.303
6550.000 7.430
6560.000 7.678
6570.000 7.965
6580.000 8.094
6590.000 8.401
6600.000 8.562
6610.000 8.947
6620.000 9.370
6630.000 9.583
6640.000 10.064
6650.000 10.340
6660.000 10.930
6670.000 11.585
6680.000 11.943
6690.000 12.736
6700.000 13.187
6710.000 13.924
6720.000 15.311
6730.000 16.694
6740.000 17.449
6750.000 18.357
6760.000 20.338
6770.000 22.803
6780.000 24.299
6790.000 27.918
6800.000 30.061
6810.000 35.626
6820.000 43.210
6830.000 48.169
6840.000 60.676
6850.000 68.270
6860.000 83.368
6870.000 88.099
6880.000 82.904
6890.000 65.463
6900.000 57.474
6910.000 45.029
6920.000 36.607
6930.000 33.403
6940.000 28.294
6950.000 26.300
6960.000 23.023
6970.000 20.405
6980.000 19.315
6990.000 17.477
7000.000 16.658
7010.000 15.248
7020.000 14.042
7030.000 13.505
7040.000 12.574
7050.000 12.137
7060.000 11.383
7070.000 10.676
7080.000 10.376
7090.000 9.788
7100.000 9.497
7110.000 9.042
7120.000 8.796
7130.000 8.406
7140.000 8.010
7150.000 7.823
7160.000 7.498
7170.000 7.350
7180.000 7.055
7190.000 6.786
7200.000 6.663
7210.000 6.432
7220.000 6.311
7230.000 6.093
7240.000 5.903
7250.000 5.789
7260.000 5.618
7270.000 5.523
7280.000 5.358
7290.000 5.198
7300.000 5.122
7310.000 4.977
7320.000 4.829
7330.000 4.778
7340.000 4.632
7350.000 4.570
7360.000 4.463
7370.000 4.382
7380.000 4.264
7390.000 4.153
7400.000 4.094
7410.000 3.992
7420.000 3.880
7430.000 3.811
7440.000 3.697
7450.000 3.560
7460.000 3.489
7470.000 3.492
7480.000 3.657
7490.000 3.931
7500.000 3.930
7510.000 3.846
7520.000 3.737
7530.000 3.690
7540.000 3.587
7550.000 3.535
7560.000 3.451
7570.000 3.384
7580.000 3.332
7590.000 3.263
7600.000 3.251
7610.000 3.173
7620.000 3.126
7630.000 3.106
7640.000 3.045
7650.000 3.019
7660.000 2.980
7670.000 2.929
7680.000 2.916
7690.000 2.876
7700.000 2.841
7710.000 2.799
7720.000 2.770
7730.000 2.738
7740.000 2.718
7750.000 2.678
7760.000 2.645
7770.000 2.631
7780.000 2.600
7790.000 2.561
7800.000 2.547
7810.000 2.511
7820.000 2.494
7830.000 2.457
7840.000 2.430
7850.000 2.414
7860.000 2.371
7870.000 2.356
7880.000 2.298
7890.000 2.255
7900.000 2.228
7910.000 2.157
7920.000 2.114
7930.000 2.013
7940.000 2.022
7950.000 2.150
7960.000 2.524
7970.000 2.569
7980.000 2.504
7990.000 2.446
8000.000 2.384
8010.000 2.370
8020.000 2.354
8030.000 2.315
8040.000 2.302
8050.000 2.281
8060.000 2.268
8070.000 2.255
8080.000 2.234
8090.000 2.213
8100.000 2.195
8110.000 2.194
8120.000 2.188
8130.000 2.165
8140.000 2.147
8150.000 2.156
8160.000 2.125
8170.000 2.128
8180.000 2.117
8190.000 2.107
8200.000 2.098
8210.000 2.086
8220.000 2.074
8230.000 2.074
8240.000 2.061
8250.000 2.066
8260.000 2.052
8270.000 2.055
8280.000 2.049
8290.000 2.025
8300.000 2.035
8310.000 2.030
8320.000 2.017
8330.000 2.002
8340.000 2.011
8350.000 2.004
8360.000 2.009
8370.000 2.009
8380.000 1.991
8390.000 2.002
8400.000 1.990
8410.000 1.987
8420.000 1.979
8430.000 1.990
8440.000 1.986
8450.000 1.985
8460.000 1.984
8470.000 1.984
8480.000 1.992
8490.000 1.998
8500.000 1.993
8510.000 1.996
8520.000 2.011
8530.000 2.014
8540.000 2.007
8550.000 2.015
8560.000 2.041
8570.000 2.037
8580.000 2.061
8590.000 2.059
8600.000 2.096
8610.000 2.145
8620.000 2.163
8630.000 2.215
8640.000 2.252
8650.000 2.305
8660.000 2.336
8670.000 2.296
8680.000 2.043
8690.000 1.863
8700.000 1.605
8710.000 1.559
8720.000 1.572
8730.000 1.595
8740.000 1.600
8750.000 1.622
8760.000 1.642
8770.000 1.648
8780.000 1.667
8790.000 1.670
8800.000 1.689
8810.000 1.693
8820.000 1.703
8830.000 1.702
8840.000 1.717
8850.000 1.724
8860.000 1.734
8870.000 1.726
8880.000 1.743
8890.000 1.740
8900.000 1.748
8910.000 1.752
8920.000 1.746
8930.000 1.757
8940.000 1.764
8950.000 1.751
8960.000 1.774
8970.000 1.780
8980.000 1.783
8990.000 1.782
9000.000 1.795
9010.000 1.791
9020.000 1.787
9030.000 1.803
9040.000 1.808
9050.000 1.800
9060.000 1.811
9070.000 1.827
9080.000 1.817
9090.000 1.816
9100.000 1.833
9110.000 1.847
9120.000 1.833
9130.000 1.850
9140.000 1.861
9150.000 1.878
9160.000 1.881
9170.000 1.876
9180.000 1.886
9190.000 1.887
9200.000 1.898
9210.000 1.931
9220.000 1.909
9230.000 1.931
9240.000 1.938
9250.000 1.954
9260.000 1.962
9270.000 1.964
9280.000 1.981
9290.000 1.993
9300.000 2.005
9310.000 2.006
9320.000 2.021
9330.000 2.050
9340.000 2.059
9350.000 2.063
9360.000 2.091
9370.000 2.092
9380.000 2.118
9390.000 2.118
9400.000 2.128
9410.000 2.161
9420.000 2.162
9430.000 2.183
9440.000 2.200
9450.000 2.213
9460.000 2.245
9470.000 2.262
9480.000 2.293
9490.000 2.289
9500.000 2.301
9510.000 2.350
9520.000 2.354
9530.000 2.384
9540.000 2.400
9550.000 2.430
9560.000 2.453
9570.000 2.475
9580.000 2.503
9590.000 2.525
9600.000 2.541
9610.000 2.586
9620.000 2.613
9630.000 2.639
9640.000 2.685
9650.000 2.694
9660.000 2.714
9670.000 2.768
9680.000 2.810
9690.000 2.850
9700.000 2.874
9710.000 2.907
9720.000 2.960
9730.000 3.001
9740.000 3.066
9750.000 3.088
9760.000 3.108
9770.000 3.173
9780.000 3.233
9790.000 3.263
9800.000 3.334
9810.000 3.383
9820.000 3.450
9830.000 3.531
9840.000 3.570
9850.000 3.656
9860.000 3.714
9870.000 3.805
9880.000 3.913
9890.000 4.021
9900.000 4.053
9910.000 4.131
9920.000 4.266
9930.000 4.397
9940.000 4.464
9950.000 4.601
9960.000 4.694
9970.000 4.853
9980.000 5.027
9990.000 5.128
10000.000 5.344
10010.000 5.456
10020.000 5.725
10030.000 6.030
10040.000 6.193
10050.000 6.538
10060.000 6.937
10070.000 7.187
10080.000 7.641
10090.000 7.879
10100.000 8.438
10110.000 8.736
10120.000 9.428
10130.000 10.202
10140.000 10.651
10150.000 11.675
10160.000 12.275
10170.000 13.659
10180.000 15.375
10190.000 16.380
10200.000 18.842
10210.000 20.174
10220.000 23.727
10230.000 28.381
10240.000 31.131
10250.000 36.962
10260.000 39.500
10270.000 41.677
10280.000 38.294
10290.000 35.327
10300.000 28.851
10310.000 26.139
10320.000 21.378
10330.000 18.149
10340.000 16.799
10350.000 14.616
10360.000 12.919
10370.000 12.152
10380.000 10.929
10390.000 10.412
10400.000 9.437
10410.000 9.098
10420.000 8.391
10430.000 7.777
10440.000 7.499
10450.000 6.998
10460.000 6.784
10470.000 6.396
10480.000 6.034
10490.000 5.888
10500.000 5.564
10510.000 5.407
10520.000 5.032
10530.000 4.620
10540.000 4.457
10550.000 4.210
10560.000 4.110
10570.000 3.949
10580.000 3.802
10590.000 3.711
10600.000 3.584
10610.000 3.469
10620.000 3.397
10630.000 3.293
10640.000 3.251
10650.000 3.164
10660.000 3.111
10670.000 3.030
10680.000 2.985
10690.000 2.908
10700.000 2.839
10710.000 2.803
10720.000 2.704
10730.000 2.688
10740.000 2.608
10750.000 2.534
10760.000 2.501
10770.000 2.448
10780.000 2.396
10790.000 2.348
10800.000 2.272
10810.000 2.251
10820.000 2.198
10830.000 2.174
10840.000 2.120
10850.000 2.068
10860.000 2.044
10870.000 2.004
10880.000 1.976
10890.000 1.933
10900.000 1.897
10910.000 1.874
10920.000 1.836
10930.000 1.823
10940.000 1.784
10950.000 1.750
10960.000 1.734
10970.000 1.699
10980.000 1.688
10990.000 1.649
11000.000 1.620
11010.000 1.614
11020.000 1.589
11030.000 1.564
11040.000 1.540
11050.000 1.510
11060.000 1.502
11070.000 1.467
11080.000 1.478
11090.000 1.437
11100.000 1.423
11110.000 1.416
11120.000 1.399
11130.000 1.376
11140.000 1.370
11150.000 1.358
11160.000 1.344
11170.000 1.328
11180.000 1.313
11190.000 1.304
11200.000 1.280
11210.000 1.281
11220.000 1.264
11230.000 1.267
11240.000 1.233
11250.000 1.228
11260.000 1.214
11270.000 1.201
11280.000 1.198
11290.000 1.180
11300.000 1.171
11310.000 1.161
11320.000 1.148
11330.000 1.149
11340.000 1.135
11350.000 1.117
11360.000 1.116
11370.000 1.103
11380.000 1.108
11390.000 1.081
11400.000 1.082
11410.000 1.078
11420.000 1.068
11430.000 1.050
11440.000 1.045
11450.000 1.035
11460.000 1.032
11470.000 1.028
11480.000 1.025
11490.000 1.011
11500.000 0.994
11510.000 0.991
11520.000 0.981
11530.000 0.975
11540.000 0.975
11550.000 0.969
11560.000 0.962
11570.000 0.962
11580.000 0.955
11590.000 0.941
11600.000 0.941
11610.000 0.943
11620.000 0.930
11630.000 0.931
11640.000 0.926
11650.000 0.919
11660.000 0.916
11670.000 0.910
11680.000 0.904
11690.000 0.902
11700.000 0.904
11710.000 0.890
11720.000 0.891
11730.000 0.881
11740.000 0.868
11750.000 0.873
11760.000 0.874
11770.000 0.862
11780.000 0.865
11790.000 0.860
11800.000 0.849
11810.000 0.849
11820.000 0.844
11830.000 0.842
11840.000 0.841
11850.000 0.839
11860.000 0.832
11870.000 0.837
11880.000 0.834
11890.000 0.835
11900.000 0.836
11910.000 0.823
11920.000 0.822
11930.000 0.821
11940.000 0.817
11950.000 0.813
11960.000 0.817
11970.000 0.809
11980.000 0.807
11990.000 0.808
12000.000 0.803
