110.000 0.202
120.000 0.776
130.000 0.594
140.000 0.936
150.000 0.837
160.000 0.797
170.000 1.211
180.000 1.123
190.000 1.103
200.000 1.123
210.000 1.297
220.000 1.558
230.000 1.787
240.000 2.016
250.000 2.369
260.000 2.721
270.000 3.492
280.000 2.871
290.000 5.572
300.000 9.198
310.000 11.680
320.000 21.519
330.000 26.501
340.000 19.516
350.000 11.334
360.000 9.480
370.000 7.866
380.000 8.216
390.000 7.526
400.000 6.982
410.000 6.517
420.000 8.043
430.000 8.158
440.000 7.216
450.000 9.291
460.000 7.963
470.000 8.636
480.000 8.583
490.000 8.706
500.000 8.637
510.000 8.793
520.000 8.543
530.000 8.670
540.000 8.604
550.000 8.714
560.000 8.655
570.000 9.321
580.000 9.554
590.000 10.645
600.000 13.071
610.000 14.969
620.000 22.023
630.000 28.657
640.000 46.755
650.000 23.900
660.000 14.453
670.000 8.684
680.000 7.254
690.000 5.383
700.000 4.151
710.000 3.775
720.000 3.148
730.000 2.871
740.000 2.514
750.000 2.212
760.000 2.139
770.000 1.936
780.000 1.827
790.000 1.735
800.000 1.554
810.000 1.581
820.000 1.521
830.000 1.514
840.000 1.482
850.000 1.507
860.000 1.542
870.000 1.552
880.000 1.583
890.000 1.871
900.000 2.090
910.000 2.229
920.000 2.983
930.000 3.624
940.000 5.764
950.000 8.661
960.000 7.468
970.000 2.989
980.000 2.235
990.000 1.600
1000.000 1.248
1010.000 1.058
1020.000 0.919
1030.000 0.805
1040.000 0.736
1050.000 0.709
1060.000 0.671
1070.000 0.600
1080.000 0.607
1090.000 0.624
1100.000 0.672
1110.000 0.666
1120.000 0.720
1130.000 0.745
1140.000 0.771
1150.000 0.800
1160.000 0.932
1170.000 1.007
1180.000 1.137
1190.000 1.294
1200.000 1.402
1210.000 1.893
1220.000 2.620
1230.000 3.137
1240.000 4.583
1250.000 6.421
1260.000 11.377
1270.000 9.359
1280.000 4.640
1290.000 3.558
1300.000 2.976
1310.000 2.539
1320.000 2.239
1330.000 1.990
1340.000 1.809
1350.000 1.772
1360.000 1.707
1370.000 1.634
1380.000 1.664
1390.000 1.660
1400.000 1.647
1410.000 1.684
1420.000 1.729
1430.000 1.768
1440.000 1.911
1450.000 1.946
1460.000 2.140
1470.000 2.379
1480.000 2.529
1490.000 2.900
1500.000 3.141
1510.000 3.811
1520.000 4.829
1530.000 5.553
1540.000 7.774
1550.000 9.525
1560.000 15.700
1570.000 23.439
1580.000 22.284
1590.000 11.195
1600.000 8.945
1610.000 6.501
1620.000 5.669
1630.000 4.802
1640.000 4.175
1650.000 3.942
1660.000 3.526
1670.000 3.385
1680.000 3.122
1690.000 2.923
1700.000 2.827
1710.000 2.649
1720.000 2.586
1730.000 2.416
1740.000 2.292
1750.000 2.253
1760.000 2.261
1770.000 2.327
1780.000 2.673
1790.000 3.400
1800.000 3.860
1810.000 5.069
1820.000 5.854
1830.000 7.903
1840.000 11.010
1850.000 13.252
1860.000 20.068
1870.000 25.162
1880.000 37.630
1890.000 35.976
1900.000 27.830
1910.000 18.812
1920.000 16.293
1930.000 12.999
1940.000 11.093
1950.000 10.454
1960.000 9.374
1970.000 8.995
1980.000 8.290
1990.000 7.941
2000.000 7.764
2010.000 7.533
2020.000 7.479
2030.000 7.261
2040.000 7.297
2050.000 7.300
2060.000 7.393
2070.000 7.453
2080.000 7.718
2090.000 8.070
2100.000 8.597
2110.000 8.939
2120.000 9.340
2130.000 10.332
2140.000 11.724
2150.000 12.645
2160.000 15.160
2170.000 16.843
2180.000 21.585
2190.000 28.468
2200.000 32.544
2210.000 34.879
2220.000 31.469
2230.000 21.945
2240.000 15.982
2250.000 14.001
2260.000 11.182
2270.000 10.167
2280.000 8.632
2290.000 7.572
2300.000 7.162
2310.000 6.478
2320.000 6.232
2330.000 5.815
2340.000 5.509
2350.000 5.396
2360.000 5.233
2370.000 5.201
2380.000 5.182
2390.000 5.225
2400.000 5.264
2410.000 5.500
2420.000 5.653
2430.000 6.038
2440.000 6.596
2450.000 6.951
2460.000 8.053
2470.000 8.735
2480.000 10.832
2490.000 14.455
2500.000 17.182
2510.000 25.458
2520.000 30.134
2530.000 28.671
2540.000 16.051
2550.000 12.985
2560.000 9.386
2570.000 8.242
2580.000 6.663
2590.000 5.621
2600.000 5.217
2610.000 4.637
2620.000 4.416
2630.000 4.059
2640.000 3.797
2650.000 3.713
2660.000 3.555
2670.000 3.499
2680.000 3.452
2690.000 3.446
2700.000 3.472
2710.000 3.560
2720.000 3.728
2730.000 3.814
2740.000 4.138
2750.000 4.326
2760.000 4.860
2770.000 5.204
2780.000 6.185
2790.000 7.788
2800.000 9.145
2810.000 13.194
2820.000 16.406
2830.000 24.805
2840.000 26.234
2850.000 14.234
2860.000 8.965
2870.000 7.547
2880.000 5.767
2890.000 5.195
2900.000 4.324
2910.000 3.754
2920.000 3.551
2930.000 3.218
2940.000 2.977
2950.000 2.878
2960.000 2.734
2970.000 2.682
2980.000 2.607
2990.000 2.603
3000.000 2.605
3010.000 2.618
3020.000 2.656
3030.000 2.776
3040.000 2.842
3050.000 3.056
3060.000 3.359
3070.000 3.544
3080.000 4.068
3090.000 4.447
3100.000 5.445
3110.000 7.207
3120.000 8.611
3130.000 13.185
3140.000 16.701
3150.000 21.299
3160.000 11.212
3170.000 7.052
3180.000 5.940
3190.000 5.149
3200.000 4.094
3210.000 3.430
3220.000 3.184
3230.000 2.814
3240.000 2.670
3250.000 2.453
3260.000 2.294
3270.000 2.248
3280.000 2.158
3290.000 2.108
3300.000 2.102
3310.000 2.093
3320.000 2.114
3330.000 2.166
3340.000 2.258
3350.000 2.331
3360.000 2.505
3370.000 2.612
3380.000 2.921
3390.000 3.170
3400.000 3.721
3410.000 4.616
3420.000 5.265
3430.000 7.355
3440.000 8.997
3450.000 14.285
3460.000 16.609
3470.000 12.471
3480.000 6.811
3490.000 4.803
3500.000 4.187
3510.000 3.359
3520.000 3.083
3530.000 2.647
3540.000 2.490
3550.000 2.250
3560.000 2.060
3570.000 1.996
3580.000 1.900
3590.000 1.848
3600.000 1.813
3610.000 1.768
3620.000 1.795
3630.000 1.809
3640.000 1.816
3650.000 1.892
3660.000 1.987
3670.000 2.068
3680.000 2.255
3690.000 2.362
3700.000 2.690
3710.000 3.156
3720.000 3.502
3730.000 4.462
3740.000 5.206
3750.000 7.622
3760.000 12.131
3770.000 14.558
3780.000 11.982
3790.000 7.832
3800.000 4.987
3810.000 3.684
3820.000 3.256
3830.000 2.671
3840.000 2.470
3850.000 2.148
3860.000 1.923
3870.000 1.843
3880.000 1.718
3890.000 1.648
3900.000 1.589
3910.000 1.534
3920.000 1.532
3930.000 1.517
3940.000 1.520
3950.000 1.543
3960.000 1.603
3970.000 1.638
3980.000 1.743
3990.000 1.819
4000.000 1.994
4010.000 2.266
4020.000 2.450
4030.000 2.959
4040.000 3.292
4050.000 4.394
4060.000 5.270
4070.000 8.111
4080.000 12.196
4090.000 12.452
4100.000 6.383
4110.000 5.057
4120.000 3.517
4130.000 2.698
4140.000 2.430
4150.000 2.058
4160.000 1.896
4170.000 1.683
4180.000 1.534
4190.000 1.482
4200.000 1.396
4210.000 1.369
4220.000 1.305
4230.000 1.282
4240.000 1.276
4250.000 1.278
4260.000 1.291
4270.000 1.329
4280.000 1.390
4290.000 1.434
4300.000 1.526
4310.000 1.624
4320.000 1.787
4330.000 2.035
4340.000 2.191
4350.000 2.650
4360.000 2.965
4370.000 4.030
4380.000 6.096
4390.000 7.612
4400.000 9.122
4410.000 7.039
4420.000 3.826
4430.000 2.689
4440.000 2.364
4450.000 1.930
4460.000 1.773
4470.000 1.535
4480.000 1.376
4490.000 1.315
4500.000 1.242
4510.000 1.198
4520.000 1.169
4530.000 1.138
4540.000 1.131
4550.000 1.141
4560.000 1.156
4570.000 1.189
4580.000 1.272
4590.000 1.317
4600.000 1.434
4610.000 1.504
4620.000 1.697
4630.000 1.967
4640.000 2.129
4650.000 2.631
4660.000 2.934
4670.000 3.912
4680.000 5.613
4690.000 7.003
4700.000 11.318
4710.000 13.662
4720.000 11.495
4730.000 6.518
4740.000 5.377
4750.000 4.122
4760.000 3.709
4770.000 3.121
4780.000 2.712
4790.000 2.550
4800.000 2.275
4810.000 2.071
4820.000 1.965
4830.000 1.800
4840.000 1.738
4850.000 1.593
4860.000 1.549
4870.000 1.454
4880.000 1.399
4890.000 1.385
4900.000 1.370
4910.000 1.400
4920.000 1.481
4930.000 1.645
4940.000 1.770
4950.000 2.145
4960.000 2.417
4970.000 3.169
4980.000 4.464
4990.000 5.448
5000.000 8.647
5010.000 11.212
5020.000 17.442
5030.000 15.536
5040.000 11.890
5050.000 8.559
5060.000 7.630
5070.000 6.502
5080.000 5.776
5090.000 5.530
5100.000 5.152
5110.000 5.001
5120.000 4.787
5130.000 4.594
5140.000 4.514
5150.000 4.309
5160.000 4.198
5170.000 3.917
5180.000 3.814
5190.000 3.756
5200.000 3.909
5210.000 4.204
5220.000 4.395
5230.000 4.639
5240.000 5.179
5250.000 5.885
5260.000 6.303
5270.000 7.398
5280.000 8.096
5290.000 10.043
5300.000 13.197
5310.000 15.384
5320.000 22.588
5330.000 27.728
5340.000 34.568
5350.000 20.988
5360.000 16.095
5370.000 10.950
5380.000 9.461
5390.000 7.436
5400.000 6.140
5410.000 5.660
5420.000 4.952
5430.000 4.682
5440.000 4.257
5450.000 3.948
5460.000 3.829
5470.000 3.662
5480.000 3.604
5490.000 3.514
5500.000 3.494
5510.000 3.491
5520.000 3.560
5530.000 3.619
5540.000 3.773
5550.000 4.027
5560.000 4.193
5570.000 4.631
5580.000 4.929
5590.000 5.730
5600.000 6.979
5610.000 7.882
5620.000 10.632
5630.000 12.786
5640.000 19.403
5650.000 24.529
5660.000 20.897
5670.000 11.424
5680.000 9.295
5690.000 6.776
5700.000 5.398
5710.000 4.903
5720.000 4.188
5730.000 3.936
5740.000 3.521
5750.000 3.223
5760.000 3.103
5770.000 2.922
5780.000 2.864
5790.000 2.761
5800.000 2.723
5810.000 2.724
5820.000 2.746
5830.000 2.759
5840.000 2.863
5850.000 3.022
5860.000 3.118
5870.000 3.373
5880.000 3.756
5890.000 4.015
5900.000 4.690
5910.000 5.162
5920.000 6.486
5930.000 7.492
5940.000 10.673
5950.000 16.182
5960.000 19.219
5970.000 17.554
5980.000 12.585
5990.000 7.795
6000.000 5.740
6010.000 5.094
6020.000 4.185
6030.000 3.860
6040.000 3.371
6050.000 3.032
6060.000 2.916
6070.000 2.710
6080.000 2.641
6090.000 2.508
6100.000 2.439
6110.000 2.412
6120.000 2.409
6130.000 2.423
6140.000 2.468
6150.000 2.549
6160.000 2.606
6170.000 2.770
6180.000 3.033
6190.000 3.182
6200.000 3.613
6210.000 3.888
6220.000 4.657
6230.000 5.181
6240.000 6.758
6250.000 9.551
6260.000 11.731
6270.000 17.177
6280.000 18.376
6290.000 11.752
6300.000 7.367
6310.000 6.239
6320.000 4.807
6330.000 4.314
6340.000 3.623
6350.000 3.173
6360.000 2.964
6370.000 2.708
6380.000 2.523
6390.000 2.453
6400.000 2.346
6410.000 2.309
6420.000 2.264
6430.000 2.256
6440.000 2.279
6450.000 2.275
6460.000 2.354
6470.000 2.459
6480.000 2.611
6490.000 2.718
6500.000 2.833
6510.000 3.184
6520.000 3.652
6530.000 3.972
6540.000 4.867
6550.000 5.502
6560.000 7.456
6570.000 10.952
6580.000 13.447
6590.000 16.981
6600.000 15.034
6610.000 8.394
6620.000 5.859
6630.000 5.094
6640.000 4.065
6650.000 3.703
6660.000 3.181
6670.000 2.817
6680.000 2.682
6690.000 2.459
6700.000 2.373
6710.000 2.272
6720.000 2.167
6730.000 2.120
6740.000 2.112
6750.000 2.124
6760.000 2.148
6770.000 2.204
6780.000 2.251
6790.000 2.367
6800.000 2.454
6810.000 2.666
6820.000 2.981
6830.000 3.184
6840.000 3.725
6850.000 4.101
6860.000 5.151
6870.000 6.954
6880.000 8.338
6890.000 12.220
6900.000 14.268
6910.000 12.624
6920.000 7.561
6930.000 5.334
6940.000 4.651
6950.000 4.141
6960.000 3.378
6970.000 2.943
6980.000 2.761
6990.000 2.497
7000.000 2.396
7010.000 2.238
7020.000 2.122
7030.000 2.080
7040.000 2.022
7050.000 2.013
7060.000 2.011
7070.000 2.045
7080.000 2.060
7090.000 2.139
7100.000 2.253
7110.000 2.336
7120.000 2.556
7130.000 2.678
7140.000 3.038
7150.000 3.265
7160.000 3.933
7170.000 4.930
7180.000 5.672
7190.000 7.947
7200.000 9.476
7210.000 13.705
7220.000 13.284
7230.000 10.136
7240.000 6.391
7250.000 5.408
7260.000 4.140
7270.000 3.401
7280.000 3.153
7290.000 2.740
7300.000 2.572
7310.000 2.350
7320.000 2.186
7330.000 2.114
7340.000 2.036
7350.000 1.986
7360.000 1.950
7370.000 1.935
7380.000 1.936
7390.000 1.983
7400.000 2.018
7410.000 2.089
7420.000 2.202
7430.000 2.296
7440.000 2.488
7450.000 2.619
7460.000 2.951
7470.000 3.581
7480.000 4.172
7490.000 5.844
7500.000 6.897
7510.000 9.917
7520.000 14.183
7530.000 15.299
7540.000 10.804
7550.000 8.113
7560.000 5.488
7570.000 4.781
7580.000 3.805
7590.000 3.191
7600.000 2.972
7610.000 2.620
7620.000 2.499
7630.000 2.310
7640.000 2.167
7650.000 2.069
7660.000 2.039
7670.000 2.014
7680.000 1.997
7690.000 1.992
7700.000 2.013
7710.000 2.076
7720.000 2.125
7730.000 2.225
7740.000 2.394
7750.000 2.509
7760.000 2.805
7770.000 2.976
7780.000 3.531
7790.000 4.318
7800.000 5.612
7810.000 6.582
7820.000 7.847
7830.000 11.440
7840.000 13.629
7850.000 11.826
7860.000 7.113
7870.000 5.985
7880.000 4.412
7890.000 3.529
7900.000 3.209
7910.000 2.726
7920.000 2.542
7930.000 2.268
7940.000 2.187
7950.000 2.168
7960.000 2.074
7970.000 2.049
7980.000 1.956
7990.000 1.922
8000.000 1.943
8010.000 1.975
8020.000 1.998
8030.000 2.058
8040.000 2.170
8050.000 2.232
8060.000 2.417
8070.000 2.542
8080.000 2.866
8090.000 3.319
8100.000 3.640
8110.000 4.550
8120.000 5.217
8130.000 7.085
8140.000 9.353
8150.000 9.979
8160.000 10.767
8170.000 10.101
8180.000 6.540
8190.000 5.470
8200.000 4.132
8210.000 3.388
8220.000 3.132
8230.000 2.672
8240.000 2.333
8250.000 2.234
8260.000 2.074
8270.000 2.018
8280.000 1.958
8290.000 1.919
8300.000 1.896
8310.000 1.903
8320.000 1.875
8330.000 1.849
8340.000 1.879
8350.000 1.976
8360.000 2.109
8370.000 2.208
8380.000 2.420
8390.000 2.573
8400.000 2.935
8410.000 3.463
8420.000 4.333
8430.000 4.976
8440.000 5.909
8450.000 8.354
8460.000 11.579
8470.000 12.197
8480.000 8.598
8490.000 5.591
8500.000 4.758
8510.000 3.669
8520.000 3.301
8530.000 2.867
8540.000 2.750
8550.000 2.456
8560.000 2.212
8570.000 2.038
8580.000 1.982
8590.000 1.931
8600.000 1.861
8610.000 1.835
8620.000 1.815
8630.000 1.830
8640.000 1.819
8650.000 1.781
8660.000 1.823
8670.000 1.886
8680.000 2.044
8690.000 2.140
8700.000 2.374
8710.000 2.707
8720.000 2.927
8730.000 3.510
8740.000 3.952
8750.000 5.204
8760.000 7.274
8770.000 8.643
8780.000 10.844
8790.000 10.688
8800.000 7.460
8810.000 5.029
8820.000 4.309
8830.000 3.407
8840.000 3.092
8850.000 2.624
8860.000 2.310
8870.000 2.193
8880.000 1.992
8890.000 1.943
8900.000 1.836
8910.000 1.750
8920.000 1.727
8930.000 1.668
8940.000 1.661
8950.000 1.678
8960.000 1.736
8970.000 1.766
8980.000 1.856
8990.000 1.995
9000.000 2.089
9010.000 2.310
9020.000 2.633
9030.000 2.845
9040.000 3.125
9050.000 3.834
9060.000 4.803
9070.000 5.392
9080.000 7.521
9090.000 8.970
9100.000 10.206
9110.000 6.896
9120.000 5.565
9130.000 4.027
9140.000 3.545
9150.000 2.847
9160.000 2.423
9170.000 2.268
9180.000 2.028
9190.000 1.927
9200.000 1.791
9210.000 1.688
9220.000 1.627
9230.000 1.599
9240.000 1.598
9250.000 1.578
9260.000 1.575
9270.000 1.603
9280.000 1.661
9290.000 1.681
9300.000 1.785
9310.000 1.928
9320.000 2.023
9330.000 2.267
9340.000 2.451
9350.000 2.901
9360.000 3.207
9370.000 4.017
9380.000 5.361
9390.000 6.351
9400.000 8.839
9410.000 9.725
9420.000 8.186
9430.000 5.288
9440.000 4.442
9450.000 3.355
9460.000 2.733
9470.000 2.499
9480.000 2.169
9490.000 2.035
9500.000 1.840
9510.000 1.760
9520.000 1.640
9530.000 1.562
9540.000 1.528
9550.000 1.512
9560.000 1.509
9570.000 1.504
9580.000 1.508
9590.000 1.535
9600.000 1.588
9610.000 1.639
9620.000 1.753
9630.000 1.909
9640.000 2.015
9650.000 2.276
9660.000 2.457
9670.000 2.953
9680.000 3.729
9690.000 4.297
9700.000 5.931
9710.000 6.967
9720.000 8.407
9730.000 6.650
9740.000 4.884
9750.000 4.187
9760.000 3.519
9770.000 2.754
9780.000 2.308
9790.000 2.123
9800.000 1.872
9810.000 1.694
9820.000 1.616
9830.000 1.503
9840.000 1.441
9850.000 1.416
9860.000 1.392
9870.000 1.377
9880.000 1.360
9890.000 1.366
9900.000 1.400
9910.000 1.408
9920.000 1.492
9930.000 1.601
9940.000 1.677
9950.000 1.840
9960.000 1.981
9970.000 2.290
9980.000 2.766
9990.000 3.061
10000.000 4.017
10010.000 4.695
10020.000 6.572
10030.000 8.022
10040.000 7.621
10050.000 5.274
10060.000 4.340
10070.000 3.214
10080.000 2.528
10090.000 2.266
10100.000 1.924
10110.000 1.773
10120.000 1.590
10130.000 1.485
10140.000 1.450
10150.000 1.370
10160.000 1.347
10170.000 1.292
10180.000 1.270
10190.000 1.284
10200.000 1.278
10210.000 1.303
10220.000 1.334
10230.000 1.416
10240.000 1.454
10250.000 1.571
10260.000 1.634
10270.000 1.829
10280.000 2.102
10290.000 2.283
10300.000 2.808
10310.000 3.163
10320.000 4.228
10330.000 5.799
10340.000 6.666
10350.000 6.616
10360.000 5.575
10370.000 3.781
10380.000 2.832
10390.000 2.506
10400.000 2.049
10410.000 1.902
10420.000 1.663
10430.000 1.498
10440.000 1.426
10450.000 1.329
10460.000 1.287
10470.000 1.241
10480.000 1.210
10490.000 1.178
10500.000 1.135
10510.000 1.091
10520.000 1.059
10530.000 1.071
10540.000 1.135
10550.000 1.185
10560.000 1.243
10570.000 1.367
10580.000 1.433
10590.000 1.619
10600.000 1.921
10610.000 2.083
10620.000 2.637
10630.000 2.997
10640.000 4.118
10650.000 5.614
10660.000 6.279
10670.000 5.782
10680.000 4.884
10690.000 3.403
10700.000 2.546
10710.000 2.274
10720.000 1.856
10730.000 1.718
10740.000 1.511
10750.000 1.356
10760.000 1.294
10770.000 1.205
10780.000 1.150
10790.000 1.127
10800.000 1.084
10810.000 1.083
10820.000 1.086
10830.000 1.085
10840.000 1.106
10850.000 1.148
10860.000 1.177
10870.000 1.306
10880.000 1.275
10890.000 1.466
10900.000 1.639
10910.000 1.769
10920.000 2.106
10930.000 2.462
10940.000 2.742
10950.000 3.653
10960.000 4.294
10970.000 5.622
10980.000 5.253
10990.000 4.365
11000.000 2.992
11010.000 2.525
11020.000 1.981
11030.000 1.793
11040.000 1.529
11050.000 1.351
11060.000 1.203
11070.000 1.153
11080.000 1.121
11090.000 1.048
11100.000 0.996
11110.000 0.984
11120.000 0.966
11130.000 0.957
11140.000 0.968
11150.000 1.005
11160.000 1.017
11170.000 1.064
11180.000 1.127
11190.000 1.179
11200.000 1.295
11210.000 1.373
11220.000 1.573
11230.000 1.707
11240.000 2.080
11250.000 2.662
11260.000 3.073
11270.000 4.175
11280.000 5.193
11290.000 5.154
11300.000 3.702
11310.000 3.009
11320.000 2.214
11330.000 1.945
11340.000 1.577
11350.000 1.344
11360.000 1.262
11370.000 1.189
11380.000 1.171
11390.000 1.094
11400.000 1.020
11410.000 0.992
11420.000 0.955
11430.000 0.939
11440.000 0.918
11450.000 0.928
11460.000 0.926
11470.000 0.953
11480.000 0.971
11490.000 1.029
11500.000 1.096
11510.000 1.147
11520.000 1.275
11530.000 1.464
11540.000 1.560
11550.000 1.891
11560.000 2.108
11570.000 2.724
11580.000 3.130
11590.000 3.991
11600.000 4.346
11610.000 4.184
11620.000 3.130
11630.000 2.636
11640.000 1.999
11650.000 1.610
11660.000 1.470
11670.000 1.266
11680.000 1.186
11690.000 1.053
11700.000 0.974
11710.000 0.936
11720.000 0.888
11730.000 0.881
11740.000 0.855
11750.000 0.842
11760.000 0.846
11770.000 0.856
11780.000 0.869
11790.000 0.875
11800.000 0.916
11810.000 0.974
11820.000 1.056
11830.000 1.110
11840.000 1.259
11850.000 1.336
11860.000 1.585
11870.000 1.952
11880.000 2.553
11890.000 2.967
11900.000 3.426
11910.000 4.252
11920.000 3.861
11930.000 3.271
11940.000 2.327
11950.000 2.013
11960.000 1.590
11970.000 1.326
11980.000 1.244
11990.000 1.089
12000.000 1.030
