110.000 1.034
120.000 3.404
130.000 2.436
140.000 1.661
150.000 3.605
160.000 4.508
170.000 3.394
180.000 2.835
190.000 3.631
200.000 3.427
210.000 3.306
220.000 3.420
230.000 3.440
240.000 3.752
250.000 3.897
260.000 4.004
270.000 4.144
280.000 4.373
290.000 4.359
300.000 4.797
310.000 4.583
320.000 5.310
330.000 5.276
340.000 5.587
350.000 5.250
360.000 6.700
370.000 6.121
380.000 6.607
390.000 7.409
400.000 7.505
410.000 8.643
420.000 8.764
430.000 9.195
440.000 10.604
450.000 10.207
460.000 11.728
470.000 11.423
480.000 11.616
490.000 11.660
500.000 11.433
510.000 10.771
520.000 10.378
530.000 9.826
540.000 9.136
550.000 8.527
560.000 7.885
570.000 6.814
580.000 7.010
590.000 5.806
600.000 5.507
610.000 5.231
620.000 4.581
630.000 4.307
640.000 3.993
650.000 3.867
660.000 3.545
670.000 3.232
680.000 3.169
690.000 2.911
700.000 2.828
710.000 2.631
720.000 2.451
730.000 2.397
740.000 2.266
750.000 2.175
760.000 1.996
770.000 1.876
780.000 1.819
790.000 1.724
800.000 1.652
810.000 1.529
820.000 1.435
830.000 1.396
840.000 1.320
850.000 1.239
860.000 1.166
870.000 1.093
880.000 1.041
890.000 0.976
900.000 0.957
910.000 0.879
920.000 0.815
930.000 0.808
940.000 0.674
950.000 0.652
960.000 0.673
970.000 0.726
980.000 0.713
990.000 0.642
1000.000 0.658
1010.000 0.683
1020.000 0.661
1030.000 0.636
1040.000 0.647
1050.000 0.625
1060.000 0.633
1070.000 0.630
1080.000 0.647
1090.000 0.639
1100.000 0.650
1110.000 0.688
1120.000 0.704
1130.000 0.767
1140.000 0.765
1150.000 0.806
1160.000 0.841
1170.000 0.869
1180.000 0.930
1190.000 0.970
1200.000 1.024
1210.000 1.074
1220.000 1.138
1230.000 1.182
1240.000 1.279
1250.000 1.300
1260.000 1.407
1270.000 1.501
1280.000 1.538
1290.000 1.673
1300.000 1.696
1310.000 1.877
1320.000 1.946
1330.000 2.030
1340.000 2.170
1350.000 2.254
1360.000 2.422
1370.000 2.637
1380.000 2.684
1390.000 2.884
1400.000 3.053
1410.000 3.176
1420.000 3.470
1430.000 3.472
1440.000 3.853
1450.000 4.206
1460.000 4.399
1470.000 4.585
1480.000 5.019
1490.000 5.448
1500.000 5.680
1510.000 6.247
1520.000 6.556
1530.000 7.147
1540.000 7.870
1550.000 8.314
1560.000 9.189
1570.000 9.746
1580.000 10.856
1590.000 12.124
1600.000 12.915
1610.000 14.671
1620.000 15.537
1630.000 17.655
1640.000 20.098
1650.000 21.319
1660.000 23.928
1670.000 25.314
1680.000 27.481
1690.000 28.749
1700.000 28.578
1710.000 27.808
1720.000 26.871
1730.000 24.418
1740.000 21.595
1750.000 20.278
1760.000 18.388
1770.000 17.854
1780.000 17.588
1790.000 17.870
1800.000 18.029
1810.000 18.214
1820.000 18.258
1830.000 18.056
1840.000 17.694
1850.000 17.518
1860.000 17.158
1870.000 16.904
1880.000 16.611
1890.000 16.440
1900.000 16.036
1910.000 15.512
1920.000 15.524
1930.000 15.087
1940.000 14.684
1950.000 14.768
1960.000 14.418
1970.000 14.230
1980.000 14.156
1990.000 13.810
2000.000 13.713
2010.000 13.560
2020.000 13.436
2030.000 13.141
2040.000 12.944
2050.000 12.767
2060.000 12.463
2070.000 12.351
2080.000 12.042
2090.000 11.786
2100.000 11.639
2110.000 11.339
2120.000 11.212
2130.000 10.895
2140.000 10.584
2150.000 10.419
2160.000 10.110
2170.000 9.958
2180.000 9.641
2190.000 9.336
2200.000 9.173
2210.000 8.872
2220.000 8.738
2230.000 8.436
2240.000 8.166
2250.000 7.981
2260.000 7.747
2270.000 7.585
2280.000 7.345
2290.000 7.101
2300.000 6.971
2310.000 6.761
2320.000 6.648
2330.000 6.434
2340.000 6.219
2350.000 6.120
2360.000 5.946
2370.000 5.877
2380.000 5.684
2390.000 5.532
2400.000 5.446
2410.000 5.293
2420.000 5.219
2430.000 5.104
2440.000 4.953
2450.000 4.906
2460.000 4.774
2470.000 4.688
2480.000 4.588
2490.000 4.491
2500.000 4.435
2510.000 4.334
2520.000 4.312
2530.000 4.208
2540.000 4.123
2550.000 4.084
2560.000 4.021
2570.000 3.971
2580.000 3.898
2590.000 3.873
2600.000 3.803
2610.000 3.746
2620.000 3.736
2630.000 3.664
2640.000 3.651
2650.000 3.595
2660.000 3.545
2670.000 3.535
2680.000 3.488
2690.000 3.468
2700.000 3.454
2710.000 3.409
2720.000 3.399
2730.000 3.350
2740.000 3.364
2750.000 3.327
2760.000 3.295
2770.000 3.290
2780.000 3.292
2790.000 3.284
2800.000 3.259
2810.000 3.254
2820.000 3.241
2830.000 3.238
2840.000 3.234
2850.000 3.247
2860.000 3.236
2870.000 3.241
2880.000 3.244
2890.000 3.236
2900.000 3.254
2910.000 3.260
2920.000 3.249
2930.000 3.293
2940.000 3.292
2950.000 3.317
2960.000 3.338
2970.000 3.359
2980.000 3.380
2990.000 3.393
3000.000 3.425
3010.000 3.449
3020.000 3.480
3030.000 3.532
3040.000 3.546
3050.000 3.591
3060.000 3.650
3070.000 3.685
3080.000 3.751
3090.000 3.760
3100.000 3.841
3110.000 3.924
3120.000 3.982
3130.000 4.068
3140.000 4.123
3150.000 4.222
3160.000 4.341
3170.000 4.410
3180.000 4.567
3190.000 4.640
3200.000 4.777
3210.000 4.970
3220.000 5.064
3230.000 5.266
3240.000 5.388
3250.000 5.640
3260.000 5.925
3270.000 6.084
3280.000 6.427
3290.000 6.623
3300.000 7.065
3310.000 7.565
3320.000 7.867
3330.000 8.499
3340.000 8.857
3350.000 9.720
3360.000 10.777
3370.000 11.464
3380.000 12.972
3390.000 13.924
3400.000 16.199
3410.000 19.421
3420.000 21.494
3430.000 26.693
3440.000 30.121
3450.000 37.625
3460.000 42.724
3470.000 42.025
3480.000 34.463
3490.000 30.038
3500.000 23.084
3510.000 18.385
3520.000 16.643
3530.000 13.919
3540.000 12.810
3550.000 11.106
3560.000 9.761
3570.000 9.191
3580.000 8.233
3590.000 7.826
3600.000 7.118
3610.000 6.510
3620.000 6.253
3630.000 5.796
3640.000 5.563
3650.000 5.180
3660.000 4.834
3670.000 4.673
3680.000 4.394
3690.000 4.284
3700.000 4.057
3710.000 3.831
3720.000 3.736
3730.000 3.563
3740.000 3.468
3750.000 3.322
3760.000 3.175
3770.000 3.089
3780.000 2.960
3790.000 2.890
3800.000 2.786
3810.000 2.740
3820.000 2.629
3830.000 2.539
3840.000 2.504
3850.000 2.414
3860.000 2.379
3870.000 2.311
3880.000 2.229
3890.000 2.195
3900.000 2.138
3910.000 2.113
3920.000 2.051
3930.000 1.992
3940.000 1.981
3950.000 1.917
3960.000 1.890
3970.000 1.848
3980.000 1.808
3990.000 1.781
4000.000 1.753
4010.000 1.721
4020.000 1.696
4030.000 1.660
4040.000 1.639
4050.000 1.611
4060.000 1.591
4070.000 1.572
4080.000 1.526
4090.000 1.524
4100.000 1.499
4110.000 1.480
4120.000 1.456
4130.000 1.442
4140.000 1.432
4150.000 1.408
4160.000 1.398
4170.000 1.383
4180.000 1.378
4190.000 1.357
4200.000 1.330
4210.000 1.343
4220.000 1.333
4230.000 1.300
4240.000 1.305
4250.000 1.287
4260.000 1.280
4270.000 1.280
4280.000 1.278
4290.000 1.259
4300.000 1.255
4310.000 1.253
4320.000 1.233
4330.000 1.218
4340.000 1.203
4350.000 1.147
4360.000 1.128
4370.000 1.080
4380.000 1.063
4390.000 1.073
4400.000 1.073
4410.000 1.068
4420.000 1.078
4430.000 1.087
4440.000 1.091
4450.000 1.107
4460.000 1.111
4470.000 1.114
4480.000 1.146
4490.000 1.156
4500.000 1.163
4510.000 1.187
4520.000 1.206
4530.000 1.233
4540.000 1.244
4550.000 1.275
4560.000 1.292
4570.000 1.349
4580.000 1.402
4590.000 1.394
4600.000 1.459
4610.000 1.492
4620.000 1.562
4630.000 1.633
4640.000 1.676
4650.000 1.754
4660.000 1.795
4670.000 1.897
4680.000 2.002
4690.000 2.057
4700.000 2.176
4710.000 2.247
4720.000 2.372
4730.000 2.500
4740.000 2.555
4750.000 2.695
4760.000 2.762
4770.000 2.858
4780.000 2.953
4790.000 2.978
4800.000 3.030
4810.000 3.047
4820.000 3.044
4830.000 3.010
4840.000 3.007
4850.000 2.932
4860.000 2.907
4870.000 2.830
4880.000 2.777
4890.000 2.769
4900.000 2.749
4910.000 2.794
4920.000 2.892
4930.000 3.090
4940.000 3.239
4950.000 3.634
4960.000 3.878
4970.000 4.492
4980.000 4.841
4990.000 5.805
5000.000 6.768
5010.000 7.375
5020.000 8.764
5030.000 9.558
5040.000 11.437
5050.000 13.703
5060.000 14.987
5070.000 18.012
5080.000 19.768
5090.000 24.046
5100.000 29.192
5110.000 32.305
5120.000 39.761
5130.000 44.224
5140.000 55.356
5150.000 68.974
5160.000 76.453
5170.000 88.405
5180.000 89.237
5190.000 69.716
5200.000 53.667
5210.000 48.556
5220.000 40.749
5230.000 37.767
5240.000 32.828
5250.000 29.155
5260.000 27.524
5270.000 24.687
5280.000 23.432
5290.000 21.159
5300.000 19.085
5310.000 18.182
5320.000 16.545
5330.000 15.785
5340.000 14.451
5350.000 13.259
5360.000 12.735
5370.000 11.799
5380.000 11.361
5390.000 10.553
5400.000 9.822
5410.000 9.502
5420.000 8.899
5430.000 8.617
5440.000 8.101
5450.000 7.640
5460.000 7.430
5470.000 7.030
5480.000 6.844
5490.000 6.511
5500.000 6.201
5510.000 6.048
5520.000 5.788
5530.000 5.675
5540.000 5.417
5550.000 5.301
5560.000 5.090
5570.000 4.898
5580.000 4.805
5590.000 4.646
5600.000 4.572
5610.000 4.427
5620.000 4.290
5630.000 4.217
5640.000 4.099
5650.000 4.034
5660.000 3.925
5670.000 3.823
5680.000 3.786
5690.000 3.678
5700.000 3.626
5710.000 3.542
5720.000 3.469
5730.000 3.419
5740.000 3.348
5750.000 3.318
5760.000 3.255
5770.000 3.187
5780.000 3.153
5790.000 3.089
5800.000 3.082
5810.000 3.021
5820.000 2.981
5830.000 2.946
5840.000 2.909
5850.000 2.890
5860.000 2.840
5870.000 2.818
5880.000 2.787
5890.000 2.743
5900.000 2.731
5910.000 2.710
5920.000 2.673
5930.000 2.663
5940.000 2.637
5950.000 2.625
5960.000 2.599
5970.000 2.586
5980.000 2.559
5990.000 2.547
6000.000 2.539
6010.000 2.522
6020.000 2.498
6030.000 2.503
6040.000 2.491
6050.000 2.480
6060.000 2.474
6070.000 2.468
6080.000 2.462
6090.000 2.472
6100.000 2.457
6110.000 2.457
6120.000 2.465
6130.000 2.457
6140.000 2.448
6150.000 2.467
6160.000 2.473
6170.000 2.486
6180.000 2.488
6190.000 2.500
6200.000 2.504
6210.000 2.526
6220.000 2.545
6230.000 2.550
6240.000 2.569
6250.000 2.577
6260.000 2.594
6270.000 2.623
6280.000 2.641
6290.000 2.664
6300.000 2.671
6310.000 2.695
6320.000 2.730
6330.000 2.747
6340.000 2.783
6350.000 2.808
6360.000 2.847
6370.000 2.883
6380.000 2.922
6390.000 2.960
6400.000 2.981
6410.000 3.045
6420.000 3.101
6430.000 3.113
6440.000 3.169
6450.000 3.205
6460.000 3.254
6470.000 3.311
6480.000 3.344
6490.000 3.427
6500.000 3.464
6510.000 3.541
6520.000 3.622
6530.000 3.663
6540.000 3.763
6550.000 3.812
6560.000 3.912
6570.000 4.027
6580.000 4.097
6590.000 4.241
6600.000 4.320
6610.000 4.494
6620.000 4.685
6630.000 4.792
6640.000 5.032
6650.000 5.154
6660.000 5.396
6670.000 5.715
6680.000 5.882
6690.000 6.230
6700.000 6.445
6710.000 6.881
6720.000 7.372
6730.000 7.647
6740.000 8.300
6750.000 8.663
6760.000 9.466
6770.000 9.943
6780.000 11.042
6790.000 12.417
6800.000 13.235
6810.000 15.301
6820.000 16.544
6830.000 19.796
6840.000 24.395
6850.000 27.423
6860.000 35.340
6870.000 40.361
6880.000 49.663
6890.000 49.208
6900.000 44.011
6910.000 32.680
6920.000 28.287
6930.000 22.077
6940.000 17.980
6950.000 16.431
6960.000 13.988
6970.000 13.013
6980.000 11.417
6990.000 10.176
7000.000 9.635
7010.000 8.724
7020.000 8.318
7030.000 7.645
7040.000 7.032
7050.000 6.768
7060.000 6.302
7070.000 6.112
7080.000 5.732
7090.000 5.402
7100.000 5.243
7110.000 4.967
7120.000 4.853
7130.000 4.633
7140.000 4.409
7150.000 4.316
7160.000 4.149
7170.000 4.059
7180.000 3.891
7190.000 3.755
7200.000 3.681
7210.000 3.550
7220.000 3.501
7230.000 3.379
7240.000 3.284
7250.000 3.229
7260.000 3.127
7270.000 3.076
7280.000 3.001
7290.000 2.924
7300.000 2.860
7310.000 2.804
7320.000 2.767
7330.000 2.689
7340.000 2.635
7350.000 2.617
7360.000 2.541
7370.000 2.520
7380.000 2.470
7390.000 2.411
7400.000 2.396
7410.000 2.352
7420.000 2.311
7430.000 2.259
7440.000 2.188
7450.000 2.158
7460.000 2.088
7470.000 2.076
7480.000 2.221
7490.000 2.387
7500.000 2.384
7510.000 2.357
7520.000 2.335
7530.000 2.285
7540.000 2.241
7550.000 2.220
7560.000 2.184
7570.000 2.166
7580.000 2.150
7590.000 2.115
7600.000 2.096
7610.000 2.082
7620.000 2.069
7630.000 2.058
7640.000 2.041
7650.000 2.034
7660.000 2.027
7670.000 2.021
7680.000 2.029
7690.000 2.000
7700.000 2.001
7710.000 1.979
7720.000 1.986
7730.000 1.984
7740.000 1.979
7750.000 1.988
7760.000 1.970
7770.000 1.979
7780.000 1.973
7790.000 1.976
7800.000 1.982
7810.000 1.972
7820.000 1.973
7830.000 1.977
7840.000 1.983
7850.000 1.994
7860.000 1.991
7870.000 1.982
7880.000 1.984
7890.000 1.988
7900.000 1.986
7910.000 1.971
7920.000 1.958
7930.000 1.995
7940.000 2.046
7950.000 2.212
7960.000 2.232
7970.000 2.237
7980.000 2.249
7990.000 2.245
8000.000 2.252
8010.000 2.279
8020.000 2.301
8030.000 2.325
8040.000 2.350
8050.000 2.369
8060.000 2.418
8070.000 2.435
8080.000 2.477
8090.000 2.513
8100.000 2.575
8110.000 2.635
8120.000 2.653
8130.000 2.657
8140.000 2.624
8150.000 2.557
8160.000 2.610
8170.000 2.649
8180.000 2.724
8190.000 2.757
8200.000 2.844
8210.000 2.923
8220.000 2.958
8230.000 3.055
8240.000 3.109
8250.000 3.198
8260.000 3.302
8270.000 3.367
8280.000 3.488
8290.000 3.540
8300.000 3.695
8310.000 3.824
8320.000 3.901
8330.000 4.057
8340.000 4.162
8350.000 4.353
8360.000 4.559
8370.000 4.647
8380.000 4.895
8390.000 5.026
8400.000 5.319
8410.000 5.650
8420.000 5.841
8430.000 6.269
8440.000 6.490
8450.000 7.015
8460.000 7.635
8470.000 7.997
8480.000 8.843
8490.000 9.314
8500.000 10.480
8510.000 12.076
8520.000 13.132
8530.000 15.470
8540.000 16.996
8550.000 21.027
8560.000 26.718
8570.000 30.394
8580.000 38.501
8590.000 41.194
8600.000 39.995
8610.000 30.518
8620.000 26.133
8630.000 19.750
8640.000 17.579
8650.000 14.701
8660.000 13.526
8670.000 13.036
8680.000 11.650
8690.000 10.904
8700.000 9.563
8710.000 8.528
8720.000 8.095
8730.000 7.311
8740.000 6.962
8750.000 6.393
8760.000 5.918
8770.000 5.691
8780.000 5.312
8790.000 5.126
8800.000 4.819
8810.000 4.546
8820.000 4.427
8830.000 4.196
8840.000 4.095
8850.000 3.903
8860.000 3.720
8870.000 3.640
8880.000 3.475
8890.000 3.405
8900.000 3.265
8910.000 3.156
8920.000 3.088
8930.000 2.979
8940.000 2.926
8950.000 2.827
8960.000 2.739
8970.000 2.696
8980.000 2.605
8990.000 2.571
9000.000 2.498
9010.000 2.428
9020.000 2.405
9030.000 2.337
9040.000 2.306
9050.000 2.245
9060.000 2.210
9070.000 2.182
9080.000 2.137
9090.000 2.112
9100.000 2.064
9110.000 2.023
9120.000 1.999
9130.000 1.950
9140.000 1.950
9150.000 1.923
9160.000 1.904
9170.000 1.885
9180.000 1.830
9190.000 1.824
9200.000 1.793
9210.000 1.785
9220.000 1.765
9230.000 1.732
9240.000 1.729
9250.000 1.701
9260.000 1.685
9270.000 1.672
9280.000 1.669
9290.000 1.645
9300.000 1.626
9310.000 1.629
9320.000 1.604
9330.000 1.585
9340.000 1.584
9350.000 1.570
9360.000 1.568
9370.000 1.547
9380.000 1.527
9390.000 1.514
9400.000 1.511
9410.000 1.488
9420.000 1.482
9430.000 1.447
9440.000 1.428
9450.000 1.389
9460.000 1.381
9470.000 1.377
9480.000 1.507
9490.000 1.560
9500.000 1.625
9510.000 1.615
9520.000 1.612
9530.000 1.619
9540.000 1.611
9550.000 1.601
9560.000 1.597
9570.000 1.595
9580.000 1.594
9590.000 1.593
9600.000 1.590
9610.000 1.591
9620.000 1.588
9630.000 1.607
9640.000 1.606
9650.000 1.614
9660.000 1.609
9670.000 1.629
9680.000 1.631
9690.000 1.631
9700.000 1.656
9710.000 1.654
9720.000 1.663
9730.000 1.687
9740.000 1.682
9750.000 1.706
9760.000 1.716
9770.000 1.734
9780.000 1.761
9790.000 1.763
9800.000 1.779
9810.000 1.802
9820.000 1.833
9830.000 1.850
9840.000 1.869
9850.000 1.882
9860.000 1.907
9870.000 1.946
9880.000 1.981
9890.000 2.001
9900.000 2.040
9910.000 2.057
9920.000 2.114
9930.000 2.171
9940.000 2.190
9950.000 2.249
9960.000 2.272
9970.000 2.336
9980.000 2.400
9990.000 2.430
10000.000 2.526
10010.000 2.549
10020.000 2.647
10030.000 2.740
10040.000 2.799
10050.000 2.929
10060.000 2.994
10070.000 3.158
10080.000 3.313
10090.000 3.399
10100.000 3.582
10110.000 3.690
10120.000 3.910
10130.000 4.155
10140.000 4.292
10150.000 4.610
10160.000 4.791
10170.000 5.186
10180.000 5.652
10190.000 5.904
10200.000 6.567
10210.000 6.908
10220.000 7.812
10230.000 8.931
10240.000 9.599
10250.000 11.337
10260.000 12.593
10270.000 15.426
10280.000 19.193
10290.000 21.254
10300.000 24.894
10310.000 25.187
10320.000 22.053
10330.000 19.642
10340.000 15.386
10350.000 12.464
10360.000 11.194
10370.000 9.307
10380.000 8.585
10390.000 7.406
10400.000 6.489
10410.000 6.103
10420.000 5.446
10430.000 5.171
10440.000 4.685
10450.000 4.251
10460.000 4.079
10470.000 3.743
10480.000 3.601
10490.000 3.335
10500.000 3.188
10510.000 3.147
10520.000 3.097
10530.000 3.052
10540.000 2.890
10550.000 2.724
10560.000 2.645
10570.000 2.503
10580.000 2.463
10590.000 2.343
10600.000 2.249
10610.000 2.196
10620.000 2.111
10630.000 2.057
10640.000 2.009
10650.000 1.939
10660.000 1.920
10670.000 1.872
10680.000 1.842
10690.000 1.775
10700.000 1.735
10710.000 1.706
10720.000 1.667
10730.000 1.651
10740.000 1.612
10750.000 1.559
10760.000 1.530
10770.000 1.506
10780.000 1.490
10790.000 1.445
10800.000 1.422
10810.000 1.411
10820.000 1.379
10830.000 1.356
10840.000 1.341
10850.000 1.306
10860.000 1.307
10870.000 1.269
10880.000 1.262
10890.000 1.236
10900.000 1.210
10910.000 1.211
10920.000 1.183
10930.000 1.177
10940.000 1.176
10950.000 1.151
10960.000 1.139
10970.000 1.129
10980.000 1.127
10990.000 1.111
11000.000 1.100
11010.000 1.091
11020.000 1.077
11030.000 1.076
11040.000 1.062
11050.000 1.061
11060.000 1.057
11070.000 1.051
11080.000 1.042
11090.000 1.043
11100.000 1.029
11110.000 1.023
11120.000 1.019
11130.000 1.018
11140.000 1.010
11150.000 1.010
11160.000 1.002
11170.000 1.006
11180.000 1.004
11190.000 0.995
11200.000 0.990
11210.000 1.004
11220.000 1.013
11230.000 0.993
11240.000 0.999
11250.000 0.998
11260.000 1.003
11270.000 1.004
11280.000 0.997
11290.000 1.002
11300.000 0.998
11310.000 1.015
11320.000 1.016
11330.000 1.010
11340.000 1.023
11350.000 1.017
11360.000 1.020
11370.000 1.036
11380.000 1.030
11390.000 1.045
11400.000 1.055
11410.000 1.053
11420.000 1.062
11430.000 1.071
11440.000 1.076
11450.000 1.099
11460.000 1.095
11470.000 1.114
11480.000 1.115
11490.000 1.123
11500.000 1.138
11510.000 1.156
11520.000 1.169
11530.000 1.183
11540.000 1.197
11550.000 1.209
11560.000 1.240
11570.000 1.263
11580.000 1.276
11590.000 1.297
11600.000 1.317
11610.000 1.342
11620.000 1.379
11630.000 1.409
11640.000 1.437
11650.000 1.451
11660.000 1.488
11670.000 1.543
11680.000 1.574
11690.000 1.605
11700.000 1.628
11710.000 1.642
11720.000 1.647
11730.000 1.662
11740.000 1.730
11750.000 1.767
11760.000 1.840
11770.000 1.946
11780.000 1.984
11790.000 2.076
11800.000 2.135
11810.000 2.258
11820.000 2.387
11830.000 2.475
11840.000 2.632
11850.000 2.729
11860.000 2.928
11870.000 3.142
11880.000 3.284
11890.000 3.593
11900.000 3.744
11910.000 4.184
11920.000 4.672
11930.000 4.958
11940.000 5.669
11950.000 6.078
11960.000 7.085
11970.000 8.397
11980.000 9.177
11990.000 10.757
12000.000 11.654
