110.000 0.954
120.000 1.096
130.000 0.938
140.000 0.680
150.000 0.579
160.000 0.876
170.000 1.161
180.000 1.343
190.000 1.097
200.000 1.249
210.000 1.398
220.000 1.118
230.000 1.350
240.000 2.037
250.000 1.760
260.000 1.956
270.000 2.093
280.000 2.041
290.000 2.088
300.000 2.260
310.000 2.326
320.000 2.436
330.000 2.775
340.000 3.471
350.000 3.845
360.000 3.486
370.000 4.261
380.000 4.734
390.000 4.790
400.000 5.840
410.000 6.894
420.000 10.172
430.000 8.857
440.000 9.054
450.000 11.336
460.000 12.295
470.000 13.292
480.000 15.529
490.000 15.501
500.000 20.896
510.000 19.944
520.000 21.899
530.000 25.056
540.000 25.580
550.000 30.020
560.000 32.395
570.000 44.206
580.000 66.735
590.000 77.123
600.000 69.435
610.000 42.196
620.000 23.409
630.000 15.805
640.000 12.717
650.000 9.795
660.000 8.025
670.000 7.024
680.000 5.740
690.000 5.316
700.000 4.500
710.000 4.532
720.000 3.683
730.000 3.262
740.000 2.970
750.000 2.631
760.000 2.367
770.000 2.333
780.000 2.125
790.000 1.919
800.000 1.776
810.000 1.776
820.000 1.516
830.000 1.351
840.000 1.307
850.000 1.372
860.000 1.226
870.000 1.102
880.000 1.047
890.000 0.988
900.000 1.061
910.000 1.009
920.000 0.846
930.000 0.855
940.000 0.757
950.000 0.711
960.000 0.743
970.000 0.820
980.000 0.818
990.000 0.819
1000.000 0.895
1010.000 0.855
1020.000 0.907
1030.000 1.385
1040.000 1.276
1050.000 1.107
1060.000 1.132
1070.000 1.292
1080.000 1.516
1090.000 1.668
1100.000 2.078
1110.000 2.332
1120.000 3.092
1130.000 4.773
1140.000 6.104
1150.000 10.564
1160.000 12.559
1170.000 8.130
1180.000 4.696
1190.000 3.983
1200.000 3.168
1210.000 2.864
1220.000 2.498
1230.000 2.208
1240.000 2.133
1250.000 1.911
1260.000 1.825
1270.000 1.791
1280.000 1.738
1290.000 1.644
1300.000 1.644
1310.000 1.603
1320.000 1.614
1330.000 1.575
1340.000 1.559
1350.000 1.582
1360.000 1.579
1370.000 1.595
1380.000 1.652
1390.000 1.651
1400.000 1.653
1410.000 1.679
1420.000 1.755
1430.000 1.797
1440.000 1.853
1450.000 1.904
1460.000 1.941
1470.000 2.041
1480.000 2.080
1490.000 2.181
1500.000 2.341
1510.000 2.382
1520.000 2.534
1530.000 2.612
1540.000 2.822
1550.000 3.049
1560.000 3.168
1570.000 3.448
1580.000 3.592
1590.000 3.971
1600.000 4.352
1610.000 4.681
1620.000 5.279
1630.000 5.600
1640.000 6.409
1650.000 7.442
1660.000 8.124
1670.000 9.779
1680.000 10.733
1690.000 13.452
1700.000 17.081
1710.000 19.138
1720.000 22.584
1730.000 22.543
1740.000 17.755
1750.000 12.344
1760.000 10.475
1770.000 8.391
1780.000 7.879
1790.000 7.443
1800.000 7.355
1810.000 7.374
1820.000 7.418
1830.000 7.406
1840.000 7.376
1850.000 7.301
1860.000 7.294
1870.000 7.222
1880.000 7.221
1890.000 7.149
1900.000 7.081
1910.000 7.006
1920.000 6.968
1930.000 7.004
1940.000 7.005
1950.000 7.039
1960.000 6.960
1970.000 6.973
1980.000 7.095
1990.000 7.016
2000.000 7.096
2010.000 7.153
2020.000 7.212
2030.000 7.314
2040.000 7.352
2050.000 7.460
2060.000 7.535
2070.000 7.690
2080.000 7.740
2090.000 7.906
2100.000 8.105
2110.000 8.214
2120.000 8.432
2130.000 8.574
2140.000 8.861
2150.000 9.219
2160.000 9.407
2170.000 9.872
2180.000 10.123
2190.000 10.748
2200.000 11.478
2210.000 11.918
2220.000 12.986
2230.000 13.647
2240.000 15.209
2250.000 17.356
2260.000 18.680
2270.000 22.155
2280.000 24.400
2290.000 30.332
2300.000 37.847
2310.000 41.438
2320.000 43.519
2330.000 40.521
2340.000 30.680
2350.000 23.055
2360.000 20.306
2370.000 16.179
2380.000 14.647
2390.000 12.273
2400.000 10.514
2410.000 9.813
2420.000 8.683
2430.000 8.186
2440.000 7.378
2450.000 6.703
2460.000 6.413
2470.000 5.924
2480.000 5.703
2490.000 5.331
2500.000 5.018
2510.000 4.876
2520.000 4.641
2530.000 4.525
2540.000 4.334
2550.000 4.180
2560.000 4.107
2570.000 3.988
2580.000 3.936
2590.000 3.858
2600.000 3.788
2610.000 3.765
2620.000 3.734
2630.000 3.712
2640.000 3.705
2650.000 3.728
2660.000 3.738
2670.000 3.765
2680.000 3.808
2690.000 3.886
2700.000 3.940
2710.000 4.048
2720.000 4.228
2730.000 4.325
2740.000 4.533
2750.000 4.646
2760.000 4.966
2770.000 5.356
2780.000 5.583
2790.000 6.173
2800.000 6.510
2810.000 7.398
2820.000 8.596
2830.000 9.410
2840.000 11.586
2850.000 13.152
2860.000 17.806
2870.000 25.867
2880.000 31.377
2890.000 37.833
2900.000 32.641
2910.000 18.873
2920.000 12.968
2930.000 11.186
2940.000 8.756
2950.000 7.883
2960.000 6.603
2970.000 5.671
2980.000 5.302
2990.000 4.710
3000.000 4.456
3010.000 4.021
3020.000 3.692
3030.000 3.543
3040.000 3.289
3050.000 3.175
3060.000 2.989
3070.000 2.843
3080.000 2.779
3090.000 2.654
3100.000 2.610
3110.000 2.514
3120.000 2.426
3130.000 2.400
3140.000 2.349
3150.000 2.328
3160.000 2.301
3170.000 2.274
3180.000 2.261
3190.000 2.253
3200.000 2.241
3210.000 2.249
3220.000 2.304
3230.000 2.302
3240.000 2.360
3250.000 2.373
3260.000 2.435
3270.000 2.531
3280.000 2.565
3290.000 2.682
3300.000 2.757
3310.000 2.912
3320.000 3.092
3330.000 3.224
3340.000 3.485
3350.000 3.657
3360.000 4.038
3370.000 4.543
3380.000 4.881
3390.000 5.669
3400.000 6.226
3410.000 7.683
3420.000 10.111
3430.000 11.900
3440.000 17.549
3450.000 21.549
3460.000 27.627
3470.000 17.982
3480.000 13.529
3490.000 9.267
3500.000 7.948
3510.000 6.229
3520.000 5.108
3530.000 4.693
3540.000 4.038
3550.000 3.791
3560.000 3.365
3570.000 3.042
3580.000 2.904
3590.000 2.651
3600.000 2.551
3610.000 2.381
3620.000 2.250
3630.000 2.189
3640.000 2.082
3650.000 2.021
3660.000 1.934
3670.000 1.890
3680.000 1.835
3690.000 1.782
3700.000 1.764
3710.000 1.734
3720.000 1.695
3730.000 1.694
3740.000 1.684
3750.000 1.662
3760.000 1.669
3770.000 1.673
3780.000 1.657
3790.000 1.704
3800.000 1.704
3810.000 1.735
3820.000 1.764
3830.000 1.796
3840.000 1.858
3850.000 1.890
3860.000 1.983
3870.000 2.015
3880.000 2.131
3890.000 2.258
3900.000 2.354
3910.000 2.537
3920.000 2.648
3930.000 2.919
3940.000 3.279
3950.000 3.489
3960.000 4.062
3970.000 4.428
3980.000 5.429
3990.000 7.024
4000.000 8.190
4010.000 11.946
4020.000 14.805
4030.000 21.064
4040.000 16.242
4050.000 11.545
4060.000 7.545
4070.000 6.419
4080.000 4.895
4090.000 3.956
4100.000 3.641
4110.000 3.099
4120.000 2.896
4130.000 2.549
4140.000 2.285
4150.000 2.180
4160.000 1.995
4170.000 1.923
4180.000 1.768
4190.000 1.667
4200.000 1.621
4210.000 1.534
4220.000 1.500
4230.000 1.429
4240.000 1.380
4250.000 1.365
4260.000 1.327
4270.000 1.307
4280.000 1.275
4290.000 1.262
4300.000 1.262
4310.000 1.252
4320.000 1.228
4330.000 1.216
4340.000 1.187
4350.000 1.173
4360.000 1.134
4370.000 1.129
4380.000 1.124
4390.000 1.148
4400.000 1.159
4410.000 1.210
4420.000 1.252
4430.000 1.308
4440.000 1.390
4450.000 1.434
4460.000 1.532
4470.000 1.600
4480.000 1.759
4490.000 1.943
4500.000 2.055
4510.000 2.340
4520.000 2.506
4530.000 2.935
4540.000 3.537
4550.000 3.968
4560.000 5.148
4570.000 6.004
4580.000 8.747
4590.000 13.525
4600.000 16.375
4610.000 16.495
4620.000 12.369
4630.000 7.849
4640.000 5.829
4650.000 5.233
4660.000 4.393
4670.000 4.064
4680.000 3.606
4690.000 3.286
4700.000 3.145
4710.000 2.928
4720.000 2.854
4730.000 2.721
4740.000 2.596
4750.000 2.541
4760.000 2.436
4770.000 2.386
4780.000 2.290
4790.000 2.193
4800.000 2.131
4810.000 2.008
4820.000 1.956
4830.000 1.825
4840.000 1.715
4850.000 1.650
4860.000 1.529
4870.000 1.487
4880.000 1.386
4890.000 1.305
4900.000 1.286
4910.000 1.270
4920.000 1.254
4930.000 1.287
4940.000 1.391
4950.000 1.440
4960.000 1.586
4970.000 1.689
4980.000 1.912
4990.000 2.198
5000.000 2.369
5010.000 2.768
5020.000 3.012
5030.000 3.515
5040.000 3.822
5050.000 4.495
5060.000 5.343
5070.000 5.815
5080.000 6.974
5090.000 7.656
5100.000 9.309
5110.000 11.585
5120.000 12.989
5130.000 16.658
5140.000 19.155
5150.000 26.226
5160.000 37.695
5170.000 44.789
5180.000 50.877
5190.000 41.585
5200.000 25.594
5210.000 18.754
5220.000 16.596
5230.000 13.671
5240.000 12.600
5250.000 10.906
5260.000 9.650
5270.000 9.123
5280.000 8.210
5290.000 7.827
5300.000 7.125
5310.000 6.515
5320.000 6.259
5330.000 5.783
5340.000 5.586
5350.000 5.197
5360.000 4.914
5370.000 4.763
5380.000 4.532
5390.000 4.420
5400.000 4.214
5410.000 4.067
5420.000 3.986
5430.000 3.869
5440.000 3.826
5450.000 3.731
5460.000 3.653
5470.000 3.633
5480.000 3.587
5490.000 3.572
5500.000 3.579
5510.000 3.573
5520.000 3.601
5530.000 3.634
5540.000 3.678
5550.000 3.742
5560.000 3.844
5570.000 3.903
5580.000 4.046
5590.000 4.143
5600.000 4.346
5610.000 4.606
5620.000 4.772
5630.000 5.151
5640.000 5.355
5650.000 5.883
5660.000 6.595
5670.000 6.970
5680.000 8.047
5690.000 8.727
5700.000 10.660
5710.000 13.599
5720.000 15.769
5730.000 22.418
5740.000 27.338
5750.000 37.448
5760.000 30.632
5770.000 22.753
5780.000 14.716
5790.000 12.508
5800.000 9.613
5810.000 7.811
5820.000 7.145
5830.000 6.120
5840.000 5.704
5850.000 5.042
5860.000 4.545
5870.000 4.333
5880.000 3.969
5890.000 3.803
5900.000 3.533
5910.000 3.329
5920.000 3.223
5930.000 3.064
5940.000 2.990
5950.000 2.863
5960.000 2.775
5970.000 2.714
5980.000 2.630
5990.000 2.610
6000.000 2.555
6010.000 2.541
6020.000 2.507
6030.000 2.492
6040.000 2.482
6050.000 2.493
6060.000 2.501
6070.000 2.507
6080.000 2.539
6090.000 2.560
6100.000 2.604
6110.000 2.657
6120.000 2.712
6130.000 2.799
6140.000 2.853
6150.000 2.989
6160.000 3.135
6170.000 3.223
6180.000 3.443
6190.000 3.569
6200.000 3.853
6210.000 4.047
6220.000 4.450
6230.000 4.978
6240.000 5.307
6250.000 6.141
6260.000 6.658
6270.000 8.044
6280.000 10.225
6290.000 11.794
6300.000 16.608
6310.000 20.126
6320.000 28.804
6330.000 28.375
6340.000 21.787
6350.000 13.638
6360.000 11.445
6370.000 8.666
6380.000 6.985
6390.000 6.363
6400.000 5.436
6410.000 5.039
6420.000 4.433
6430.000 3.993
6440.000 3.802
6450.000 3.479
6460.000 3.345
6470.000 3.117
6480.000 2.939
6490.000 2.854
6500.000 2.704
6510.000 2.643
6520.000 2.551
6530.000 2.461
6540.000 2.423
6550.000 2.352
6560.000 2.346
6570.000 2.282
6580.000 2.259
6590.000 2.234
6600.000 2.217
6610.000 2.211
6620.000 2.207
6630.000 2.217
6640.000 2.219
6650.000 2.240
6660.000 2.251
6670.000 2.291
6680.000 2.344
6690.000 2.383
6700.000 2.447
6710.000 2.489
6720.000 2.603
6730.000 2.727
6740.000 2.806
6750.000 2.981
6760.000 3.094
6770.000 3.320
6780.000 3.477
6790.000 3.832
6800.000 4.282
6810.000 4.523
6820.000 5.195
6830.000 5.623
6840.000 6.754
6850.000 8.454
6860.000 9.640
6870.000 13.170
6880.000 15.769
6890.000 22.549
6900.000 24.813
6910.000 20.755
6920.000 12.960
6930.000 10.783
6940.000 8.067
6950.000 6.464
6960.000 5.799
6970.000 4.946
6980.000 4.614
6990.000 4.069
7000.000 3.639
7010.000 3.471
7020.000 3.180
7030.000 3.058
7040.000 2.838
7050.000 2.682
7060.000 2.612
7070.000 2.459
7080.000 2.351
7090.000 2.322
7100.000 2.238
7110.000 2.204
7120.000 2.144
7130.000 2.084
7140.000 2.075
7150.000 2.046
7160.000 2.025
7170.000 2.008
7180.000 2.014
7190.000 2.003
7200.000 2.019
7210.000 2.031
7220.000 2.051
7230.000 2.085
7240.000 2.090
7250.000 2.162
7260.000 2.191
7270.000 2.254
7280.000 2.329
7290.000 2.390
7300.000 2.506
7310.000 2.561
7320.000 2.720
7330.000 2.894
7340.000 3.011
7350.000 3.280
7360.000 3.424
7370.000 3.835
7380.000 4.046
7390.000 4.626
7400.000 5.376
7410.000 5.871
7420.000 7.183
7430.000 8.038
7440.000 10.640
7450.000 14.979
7460.000 17.608
7470.000 22.178
7480.000 21.378
7490.000 15.764
7500.000 11.030
7510.000 9.484
7520.000 7.305
7530.000 6.542
7540.000 5.393
7550.000 4.611
7560.000 4.303
7570.000 3.787
7580.000 3.591
7590.000 3.246
7600.000 3.003
7610.000 2.874
7620.000 2.690
7630.000 2.593
7640.000 2.471
7650.000 2.335
7660.000 2.290
7670.000 2.211
7680.000 2.171
7690.000 2.107
7700.000 2.051
7710.000 2.026
7720.000 2.004
7730.000 1.972
7740.000 1.980
7750.000 1.947
7760.000 1.945
7770.000 1.951
7780.000 1.967
7790.000 1.989
7800.000 2.017
7810.000 2.027
7820.000 2.075
7830.000 2.104
7840.000 2.160
7850.000 2.235
7860.000 2.288
7870.000 2.387
7880.000 2.450
7890.000 2.592
7900.000 2.769
7910.000 2.869
7920.000 3.103
7930.000 3.225
7940.000 3.559
7950.000 3.942
7960.000 4.203
7970.000 4.969
7980.000 5.382
7990.000 6.569
8000.000 7.452
8010.000 9.693
8020.000 13.231
8030.000 15.822
8040.000 21.494
8050.000 22.410
8060.000 15.893
8070.000 10.438
8080.000 8.952
8090.000 6.797
8100.000 6.062
8110.000 4.974
8120.000 4.497
8130.000 4.325
8140.000 3.843
8150.000 3.608
8160.000 3.254
8170.000 2.983
8180.000 2.842
8190.000 2.665
8200.000 2.578
8210.000 2.428
8220.000 2.325
8230.000 2.271
8240.000 2.193
8250.000 2.156
8260.000 2.035
8270.000 1.928
8280.000 1.909
8290.000 1.895
8300.000 1.883
8310.000 1.868
8320.000 1.870
8330.000 1.871
8340.000 1.870
8350.000 1.874
8360.000 1.885
8370.000 1.911
8380.000 1.924
8390.000 1.969
8400.000 2.000
8410.000 2.064
8420.000 2.132
8430.000 2.182
8440.000 2.260
8450.000 2.302
8460.000 2.444
8470.000 2.587
8480.000 2.696
8490.000 2.888
8500.000 3.029
8510.000 3.287
8520.000 3.680
8530.000 3.916
8540.000 4.480
8550.000 4.846
8560.000 5.865
8570.000 7.335
8580.000 8.338
8590.000 11.534
8600.000 13.630
8610.000 17.811
8620.000 16.226
8630.000 12.943
8640.000 8.719
8650.000 7.940
8660.000 7.532
8670.000 6.096
8680.000 5.473
8690.000 4.549
8700.000 4.227
8710.000 3.675
8720.000 3.274
8730.000 3.091
8740.000 2.813
8750.000 2.695
8760.000 2.515
8770.000 2.350
8780.000 2.270
8790.000 2.154
8800.000 2.103
8810.000 2.006
8820.000 1.935
8830.000 1.915
8840.000 1.847
8850.000 1.829
8860.000 1.777
8870.000 1.761
8880.000 1.738
8890.000 1.722
8900.000 1.709
8910.000 1.733
8920.000 1.730
8930.000 1.735
8940.000 1.748
8950.000 1.752
8960.000 1.800
8970.000 1.836
8980.000 1.854
8990.000 1.897
9000.000 1.947
9010.000 2.018
9020.000 2.107
9030.000 2.171
9040.000 2.294
9050.000 2.359
9060.000 2.525
9070.000 2.748
9080.000 2.870
9090.000 3.176
9100.000 3.356
9110.000 3.822
9120.000 4.435
9130.000 4.810
9140.000 5.884
9150.000 6.575
9160.000 8.728
9170.000 10.105
9180.000 13.845
9190.000 17.680
9200.000 17.575
9210.000 12.218
9220.000 10.045
9230.000 7.225
9240.000 5.545
9250.000 4.983
9260.000 4.169
9270.000 3.859
9280.000 3.357
9290.000 2.989
9300.000 2.841
9310.000 2.582
9320.000 2.467
9330.000 2.277
9340.000 2.131
9350.000 2.069
9360.000 1.940
9370.000 1.895
9380.000 1.816
9390.000 1.747
9400.000 1.713
9410.000 1.667
9420.000 1.632
9430.000 1.607
9440.000 1.573
9450.000 1.550
9460.000 1.550
9470.000 1.526
9480.000 1.530
9490.000 1.522
9500.000 1.535
9510.000 1.545
9520.000 1.561
9530.000 1.582
9540.000 1.608
9550.000 1.626
9560.000 1.676
9570.000 1.702
9580.000 1.765
9590.000 1.849
9600.000 1.892
9610.000 2.002
9620.000 2.057
9630.000 2.186
9640.000 2.373
9650.000 2.461
9660.000 2.725
9670.000 2.858
9680.000 3.243
9690.000 3.710
9700.000 4.034
9710.000 4.913
9720.000 5.459
9730.000 7.059
9740.000 9.499
9750.000 11.357
9760.000 14.347
9770.000 14.281
9780.000 10.287
9790.000 7.260
9800.000 6.427
9810.000 5.134
9820.000 4.576
9830.000 3.775
9840.000 3.199
9850.000 2.989
9860.000 2.659
9870.000 2.529
9880.000 2.289
9890.000 2.078
9900.000 1.996
9910.000 1.864
9920.000 1.795
9930.000 1.690
9940.000 1.601
9950.000 1.567
9960.000 1.500
9970.000 1.469
9980.000 1.415
9990.000 1.392
10000.000 1.374
10010.000 1.345
10020.000 1.341
10030.000 1.322
10040.000 1.316
10050.000 1.320
10060.000 1.327
10070.000 1.336
10080.000 1.340
10090.000 1.356
10100.000 1.370
10110.000 1.386
10120.000 1.405
10130.000 1.427
10140.000 1.452
10150.000 1.485
10160.000 1.542
10170.000 1.585
10180.000 1.689
10190.000 1.791
10200.000 1.849
10210.000 2.004
10220.000 2.089
10230.000 2.288
10240.000 2.560
10250.000 2.708
10260.000 3.098
10270.000 3.353
10280.000 4.003
10290.000 4.946
10300.000 5.596
10310.000 7.401
10320.000 8.626
10330.000 11.191
10340.000 11.650
10350.000 10.073
10360.000 6.970
10370.000 5.956
10380.000 4.559
10390.000 4.072
10400.000 3.327
10410.000 2.819
10420.000 2.640
10430.000 2.333
10440.000 2.199
10450.000 1.990
10460.000 1.822
10470.000 1.749
10480.000 1.631
10490.000 1.576
10500.000 1.460
10510.000 1.334
10520.000 1.299
10530.000 1.246
10540.000 1.230
10550.000 1.200
10560.000 1.176
10570.000 1.149
10580.000 1.137
10590.000 1.121
10600.000 1.093
10610.000 1.099
10620.000 1.091
10630.000 1.088
10640.000 1.093
10650.000 1.123
10660.000 1.123
10670.000 1.136
10680.000 1.163
10690.000 1.181
10700.000 1.211
10710.000 1.256
10720.000 1.279
10730.000 1.332
10740.000 1.362
10750.000 1.420
10760.000 1.501
10770.000 1.555
10780.000 1.660
10790.000 1.721
10800.000 1.884
10810.000 2.067
10820.000 2.178
10830.000 2.462
10840.000 2.642
10850.000 3.105
10860.000 3.755
10870.000 4.178
10880.000 5.367
10890.000 6.149
10900.000 7.987
10910.000 9.912
10920.000 10.001
10930.000 7.619
10940.000 6.233
10950.000 4.555
10960.000 3.570
10970.000 3.226
10980.000 2.671
10990.000 2.460
11000.000 2.144
11010.000 1.916
11020.000 1.800
11030.000 1.651
11040.000 1.575
11050.000 1.460
11060.000 1.366
11070.000 1.320
11080.000 1.244
11090.000 1.218
11100.000 1.158
11110.000 1.114
11120.000 1.087
11130.000 1.076
11140.000 1.041
11150.000 1.018
11160.000 1.000
11170.000 0.999
11180.000 0.981
11190.000 0.975
11200.000 0.963
11210.000 0.970
11220.000 0.969
11230.000 0.976
11240.000 0.983
11250.000 0.989
11260.000 1.007
11270.000 1.022
11280.000 1.054
11290.000 1.076
11300.000 1.151
11310.000 1.189
11320.000 1.223
11330.000 1.294
11340.000 1.331
11350.000 1.405
11360.000 1.523
11370.000 1.585
11380.000 1.734
11390.000 1.827
11400.000 2.062
11410.000 2.356
11420.000 2.543
11430.000 3.083
11440.000 3.409
11450.000 4.336
11460.000 5.734
11470.000 6.653
11480.000 8.276
11490.000 8.466
11500.000 6.728
11510.000 4.763
11520.000 4.102
11530.000 3.167
11540.000 2.852
11550.000 2.414
11560.000 2.219
11570.000 1.930
11580.000 1.690
11590.000 1.608
11600.000 1.457
11610.000 1.395
11620.000 1.287
11630.000 1.200
11640.000 1.153
11650.000 1.078
11660.000 1.062
11670.000 1.003
11680.000 0.959
11690.000 0.947
11700.000 0.925
11710.000 0.923
11720.000 0.916
11730.000 0.891
11740.000 0.876
11750.000 0.863
11760.000 0.867
11770.000 0.850
11780.000 0.853
11790.000 0.860
11800.000 0.868
11810.000 0.873
11820.000 0.874
11830.000 0.898
11840.000 0.896
11850.000 0.919
11860.000 0.935
11870.000 0.981
11880.000 1.022
11890.000 1.037
11900.000 1.090
11910.000 1.136
11920.000 1.200
11930.000 1.287
11940.000 1.351
11950.000 1.476
11960.000 1.550
11970.000 1.750
11980.000 2.008
11990.000 2.157
12000.000 2.566
