110.000 0.503
120.000 0.869
130.000 0.839
140.000 0.687
150.000 0.835
160.000 0.827
170.000 1.152
180.000 1.104
190.000 1.075
200.000 1.008
210.000 2.324
220.000 1.327
230.000 1.328
240.000 1.412
250.000 1.700
260.000 1.699
270.000 1.754
280.000 1.798
290.000 2.173
300.000 2.298
310.000 2.557
320.000 2.882
330.000 6.013
340.000 3.692
350.000 3.837
360.000 4.412
370.000 4.884
380.000 5.684
390.000 6.829
400.000 7.420
410.000 9.562
420.000 11.657
430.000 13.273
440.000 17.778
450.000 20.238
460.000 26.049
470.000 35.293
480.000 42.122
490.000 61.899
500.000 74.319
510.000 93.962
520.000 75.937
530.000 55.403
540.000 33.134
550.000 26.672
560.000 18.712
570.000 14.188
580.000 11.866
590.000 9.695
600.000 8.625
610.000 7.125
620.000 5.983
630.000 5.560
640.000 4.887
650.000 4.308
660.000 3.900
670.000 3.544
680.000 3.257
690.000 2.993
700.000 2.888
710.000 2.810
720.000 2.423
730.000 2.348
740.000 2.187
750.000 2.119
760.000 2.012
770.000 1.905
780.000 1.893
790.000 1.828
800.000 1.786
810.000 1.659
820.000 1.596
830.000 1.604
840.000 1.555
850.000 1.568
860.000 1.580
870.000 1.578
880.000 1.553
890.000 1.723
900.000 1.702
910.000 1.781
920.000 1.829
930.000 1.906
940.000 2.357
950.000 2.306
960.000 3.208
970.000 4.996
980.000 6.212
990.000 10.140
1000.000 11.460
1010.000 4.953
1020.000 3.088
1030.000 2.627
1040.000 1.918
1050.000 1.663
1060.000 1.386
1070.000 1.165
1080.000 1.090
1090.000 0.995
1100.000 0.929
1110.000 0.905
1120.000 0.848
1130.000 0.858
1140.000 0.896
1150.000 0.789
1160.000 0.823
1170.000 0.809
1180.000 0.843
1190.000 0.808
1200.000 0.853
1210.000 0.880
1220.000 0.923
1230.000 0.923
1240.000 0.942
1250.000 1.035
1260.000 1.055
1270.000 1.117
1280.000 1.137
1290.000 1.240
1300.000 1.266
1310.000 1.373
1320.000 1.489
1330.000 1.563
1340.000 1.747
1350.000 1.873
1360.000 2.096
1370.000 2.370
1380.000 2.484
1390.000 3.709
1400.000 4.573
1410.000 3.358
1420.000 4.961
1430.000 5.886
1440.000 7.416
1450.000 10.327
1460.000 13.164
1470.000 21.658
1480.000 26.656
1490.000 22.264
1500.000 15.355
1510.000 10.199
1520.000 7.697
1530.000 6.876
1540.000 5.764
1550.000 5.413
1560.000 4.758
1570.000 4.526
1580.000 4.126
1590.000 3.867
1600.000 3.723
1610.000 3.560
1620.000 3.462
1630.000 3.334
1640.000 3.194
1650.000 3.125
1660.000 3.043
1670.000 3.007
1680.000 2.939
1690.000 2.824
1700.000 2.766
1710.000 2.636
1720.000 2.574
1730.000 2.451
1740.000 2.295
1750.000 2.240
1760.000 2.232
1770.000 2.288
1780.000 2.589
1790.000 3.083
1800.000 3.442
1810.000 4.137
1820.000 4.540
1830.000 5.453
1840.000 6.395
1850.000 6.958
1860.000 8.209
1870.000 8.890
1880.000 10.424
1890.000 12.515
1900.000 13.811
1910.000 16.664
1920.000 18.492
1930.000 23.271
1940.000 29.914
1950.000 33.701
1960.000 41.320
1970.000 43.012
1980.000 40.478
1990.000 32.478
2000.000 29.524
2010.000 23.514
2020.000 21.709
2030.000 18.282
2040.000 15.998
2050.000 14.941
2060.000 13.371
2070.000 12.770
2080.000 11.634
2090.000 10.663
2100.000 10.237
2110.000 9.563
2120.000 9.240
2130.000 8.673
2140.000 8.230
2150.000 7.967
2160.000 7.596
2170.000 7.414
2180.000 7.153
2190.000 6.905
2200.000 6.814
2210.000 6.634
2220.000 6.549
2230.000 6.410
2240.000 6.327
2250.000 6.298
2260.000 6.267
2270.000 6.269
2280.000 6.259
2290.000 6.340
2300.000 6.385
2310.000 6.512
2320.000 6.598
2330.000 6.822
2340.000 7.127
2350.000 7.297
2360.000 7.752
2370.000 7.997
2380.000 8.680
2390.000 9.556
2400.000 10.127
2410.000 11.558
2420.000 12.480
2430.000 15.006
2440.000 18.891
2450.000 21.645
2460.000 29.414
2470.000 34.336
2480.000 41.241
2490.000 32.522
2500.000 25.999
2510.000 17.911
2520.000 15.411
2530.000 11.976
2540.000 9.770
2550.000 8.932
2560.000 7.644
2570.000 7.112
2580.000 6.255
2590.000 5.624
2600.000 5.369
2610.000 4.907
2620.000 4.719
2630.000 4.389
2640.000 4.099
2650.000 3.998
2660.000 3.819
2670.000 3.723
2680.000 3.565
2690.000 3.485
2700.000 3.428
2710.000 3.352
2720.000 3.321
2730.000 3.292
2740.000 3.269
2750.000 3.270
2760.000 3.279
2770.000 3.301
2780.000 3.364
2790.000 3.401
2800.000 3.495
2810.000 3.650
2820.000 3.706
2830.000 3.904
2840.000 4.014
2850.000 4.299
2860.000 4.659
2870.000 4.889
2880.000 5.435
2890.000 5.784
2900.000 6.680
2910.000 7.950
2920.000 8.834
2930.000 11.406
2940.000 13.288
2950.000 19.278
2960.000 28.763
2970.000 32.381
2980.000 23.659
2990.000 17.310
3000.000 11.387
3010.000 8.432
3020.000 7.489
3030.000 6.092
3040.000 5.567
3050.000 4.795
3060.000 4.198
3070.000 3.963
3080.000 3.568
3090.000 3.422
3100.000 3.157
3110.000 2.926
3120.000 2.843
3130.000 2.660
3140.000 2.614
3150.000 2.494
3160.000 2.411
3170.000 2.359
3180.000 2.303
3190.000 2.282
3200.000 2.237
3210.000 2.222
3220.000 2.210
3230.000 2.203
3240.000 2.230
3250.000 2.234
3260.000 2.275
3270.000 2.294
3280.000 2.369
3290.000 2.400
3300.000 2.499
3310.000 2.629
3320.000 2.703
3330.000 2.872
3340.000 2.997
3350.000 3.262
3360.000 3.609
3370.000 3.819
3380.000 4.372
3390.000 4.733
3400.000 5.661
3410.000 7.099
3420.000 8.112
3430.000 11.305
3440.000 13.767
3450.000 20.746
3460.000 23.265
3470.000 18.236
3480.000 10.456
3490.000 8.666
3500.000 6.413
3510.000 5.101
3520.000 4.623
3530.000 3.930
3540.000 3.647
3550.000 3.209
3560.000 2.879
3570.000 2.739
3580.000 2.506
3590.000 2.410
3600.000 2.245
3610.000 2.117
3620.000 2.055
3630.000 1.963
3640.000 1.921
3650.000 1.841
3660.000 1.792
3670.000 1.776
3680.000 1.735
3690.000 1.721
3700.000 1.713
3710.000 1.712
3720.000 1.702
3730.000 1.718
3740.000 1.720
3750.000 1.757
3760.000 1.798
3770.000 1.821
3780.000 1.883
3790.000 1.924
3800.000 2.016
3810.000 2.131
3820.000 2.203
3830.000 2.373
3840.000 2.458
3850.000 2.714
3860.000 3.054
3870.000 3.256
3880.000 3.804
3890.000 4.150
3900.000 5.110
3910.000 6.714
3920.000 7.906
3930.000 12.032
3940.000 14.993
3950.000 19.686
3960.000 17.318
3970.000 9.187
3980.000 6.205
3990.000 5.317
4000.000 4.192
4010.000 3.777
4020.000 3.175
4030.000 2.715
4040.000 2.549
4050.000 2.279
4060.000 2.164
4070.000 1.958
4080.000 1.804
4090.000 1.738
4100.000 1.637
4110.000 1.585
4120.000 1.524
4130.000 1.449
4140.000 1.434
4150.000 1.385
4160.000 1.351
4170.000 1.350
4180.000 1.325
4190.000 1.300
4200.000 1.309
4210.000 1.298
4220.000 1.321
4230.000 1.336
4240.000 1.339
4250.000 1.367
4260.000 1.396
4270.000 1.439
4280.000 1.501
4290.000 1.531
4300.000 1.611
4310.000 1.682
4320.000 1.806
4330.000 1.927
4340.000 2.000
4350.000 2.165
4360.000 2.261
4370.000 2.542
4380.000 3.008
4390.000 3.342
4400.000 4.310
4410.000 5.044
4420.000 7.343
4430.000 11.280
4440.000 13.191
4450.000 10.721
4460.000 7.616
4470.000 4.984
4480.000 3.716
4490.000 3.296
4500.000 2.712
4510.000 2.503
4520.000 2.163
4530.000 1.948
4540.000 1.855
4550.000 1.707
4560.000 1.643
4570.000 1.562
4580.000 1.508
4590.000 1.472
4600.000 1.437
4610.000 1.425
4620.000 1.417
4630.000 1.408
4640.000 1.416
4650.000 1.439
4660.000 1.463
4670.000 1.489
4680.000 1.549
4690.000 1.586
4700.000 1.654
4710.000 1.691
4720.000 1.768
4730.000 1.871
4740.000 1.909
4750.000 2.039
4760.000 2.094
4770.000 2.236
4780.000 2.359
4790.000 2.421
4800.000 2.589
4810.000 2.640
4820.000 2.808
4830.000 2.982
4840.000 3.091
4850.000 3.311
4860.000 3.459
4870.000 3.886
4880.000 4.582
4890.000 5.081
4900.000 6.641
4910.000 7.931
4920.000 11.823
4930.000 15.285
4940.000 13.805
4950.000 8.332
4960.000 7.048
4970.000 5.596
4980.000 4.834
4990.000 4.612
5000.000 4.306
5010.000 4.214
5020.000 4.089
5030.000 4.048
5040.000 4.048
5050.000 4.051
5060.000 4.075
5070.000 4.115
5080.000 4.189
5090.000 4.207
5100.000 4.279
5110.000 4.314
5120.000 4.340
5130.000 4.363
5140.000 4.365
5150.000 4.315
5160.000 4.243
5170.000 3.968
5180.000 3.849
5190.000 3.804
5200.000 3.932
5210.000 4.042
5220.000 4.276
5230.000 4.407
5240.000 4.680
5250.000 4.977
5260.000 5.129
5270.000 5.476
5280.000 5.646
5290.000 6.050
5300.000 6.474
5310.000 6.732
5320.000 7.310
5330.000 7.666
5340.000 8.541
5350.000 9.766
5360.000 10.555
5370.000 12.629
5380.000 14.079
5390.000 18.317
5400.000 25.690
5410.000 31.301
5420.000 44.141
5430.000 45.755
5440.000 28.319
5450.000 17.781
5460.000 14.912
5470.000 11.319
5480.000 10.058
5490.000 8.221
5500.000 6.971
5510.000 6.488
5520.000 5.719
5530.000 5.408
5540.000 4.880
5550.000 4.449
5560.000 4.273
5570.000 3.967
5580.000 3.844
5590.000 3.631
5600.000 3.434
5610.000 3.365
5620.000 3.258
5630.000 3.200
5640.000 3.105
5650.000 3.044
5660.000 3.019
5670.000 2.985
5680.000 2.972
5690.000 2.971
5700.000 3.000
5710.000 2.998
5720.000 3.058
5730.000 3.085
5740.000 3.173
5750.000 3.224
5760.000 3.358
5770.000 3.524
5780.000 3.633
5790.000 3.875
5800.000 4.026
5810.000 4.397
5820.000 4.868
5830.000 5.150
5840.000 5.879
5850.000 6.370
5860.000 7.639
5870.000 9.579
5880.000 11.090
5890.000 15.426
5900.000 18.715
5910.000 27.659
5920.000 29.413
5930.000 22.739
5940.000 13.576
5950.000 11.323
5960.000 8.486
5970.000 6.772
5980.000 6.213
5990.000 5.275
6000.000 4.904
6010.000 4.333
6020.000 3.891
6030.000 3.707
6040.000 3.402
6050.000 3.290
6060.000 3.063
6070.000 2.895
6080.000 2.814
6090.000 2.687
6100.000 2.643
6110.000 2.540
6120.000 2.494
6130.000 2.462
6140.000 2.433
6150.000 2.416
6160.000 2.408
6170.000 2.410
6180.000 2.419
6190.000 2.437
6200.000 2.459
6210.000 2.515
6220.000 2.594
6230.000 2.629
6240.000 2.725
6250.000 2.854
6260.000 2.945
6270.000 3.131
6280.000 3.223
6290.000 3.496
6300.000 3.839
6310.000 4.064
6320.000 4.599
6330.000 4.932
6340.000 5.790
6350.000 6.328
6360.000 7.894
6370.000 10.365
6380.000 12.208
6390.000 17.824
6400.000 21.653
6410.000 26.186
6420.000 17.068
6430.000 13.338
6440.000 9.349
6450.000 8.079
6460.000 6.403
6470.000 5.307
6480.000 4.896
6490.000 4.271
6500.000 4.013
6510.000 3.592
6520.000 3.291
6530.000 3.160
6540.000 2.915
6550.000 2.821
6560.000 2.667
6570.000 2.545
6580.000 2.479
6590.000 2.375
6600.000 2.340
6610.000 2.289
6620.000 2.217
6630.000 2.202
6640.000 2.194
6650.000 2.182
6660.000 2.173
6670.000 2.166
6680.000 2.194
6690.000 2.234
6700.000 2.253
6710.000 2.315
6720.000 2.375
6730.000 2.434
6740.000 2.538
6750.000 2.603
6760.000 2.765
6770.000 2.952
6780.000 3.088
6790.000 3.376
6800.000 3.541
6810.000 3.965
6820.000 4.540
6830.000 4.914
6840.000 5.958
6850.000 6.651
6860.000 8.587
6870.000 11.864
6880.000 14.267
6890.000 20.214
6900.000 22.010
6910.000 16.454
6920.000 12.900
6930.000 8.822
6940.000 6.697
6950.000 5.977
6960.000 4.935
6970.000 4.545
6980.000 3.943
6990.000 3.496
7000.000 3.320
7010.000 3.016
7020.000 2.886
7030.000 2.683
7040.000 2.503
7050.000 2.449
7060.000 2.320
7070.000 2.278
7080.000 2.195
7090.000 2.119
7100.000 2.101
7110.000 2.050
7120.000 2.036
7130.000 2.020
7140.000 2.010
7150.000 2.020
7160.000 2.027
7170.000 2.035
7180.000 2.075
7190.000 2.100
7200.000 2.136
7210.000 2.199
7220.000 2.254
7230.000 2.351
7240.000 2.474
7250.000 2.553
7260.000 2.736
7270.000 2.827
7280.000 3.097
7290.000 3.408
7300.000 3.629
7310.000 4.153
7320.000 4.458
7330.000 5.287
7340.000 6.516
7350.000 7.392
7360.000 9.866
7370.000 11.735
7380.000 17.051
7390.000 20.872
7400.000 18.836
7410.000 11.498
7420.000 9.385
7430.000 6.923
7440.000 5.379
7450.000 4.845
7460.000 4.008
7470.000 3.694
7480.000 3.489
7490.000 3.460
7500.000 3.308
7510.000 3.034
7520.000 2.882
7530.000 2.659
7540.000 2.496
7550.000 2.421
7560.000 2.304
7570.000 2.263
7580.000 2.169
7590.000 2.095
7600.000 2.091
7610.000 2.037
7620.000 2.030
7630.000 2.028
7640.000 1.998
7650.000 2.012
7660.000 2.026
7670.000 2.038
7680.000 2.062
7690.000 2.112
7700.000 2.157
7710.000 2.250
7720.000 2.287
7730.000 2.407
7740.000 2.562
7750.000 2.650
7760.000 2.847
7770.000 2.988
7780.000 3.281
7790.000 3.685
7800.000 3.942
7810.000 4.533
7820.000 4.926
7830.000 6.042
7840.000 7.737
7850.000 8.978
7860.000 12.661
7870.000 15.198
7880.000 19.616
7890.000 15.332
7900.000 11.817
7910.000 7.781
7920.000 6.659
7930.000 5.482
7940.000 5.126
7950.000 4.611
7960.000 3.853
7970.000 3.576
7980.000 3.155
7990.000 2.888
8000.000 2.814
8010.000 2.636
8020.000 2.525
8030.000 2.378
8040.000 2.273
8050.000 2.213
8060.000 2.129
8070.000 2.087
8080.000 1.990
8090.000 1.937
8100.000 1.931
8110.000 1.891
8120.000 1.889
8130.000 1.864
8140.000 1.866
8150.000 1.861
8160.000 1.885
8170.000 1.936
8180.000 2.144
8190.000 2.200
8200.000 2.266
8210.000 2.356
8220.000 2.418
8230.000 2.553
8240.000 2.663
8250.000 2.879
8260.000 3.157
8270.000 3.342
8280.000 3.813
8290.000 4.095
8300.000 4.609
8310.000 4.485
8320.000 4.572
8330.000 5.830
8340.000 6.748
8350.000 9.422
8360.000 13.615
8370.000 16.049
8380.000 17.351
8390.000 14.495
8400.000 9.351
8410.000 6.781
8420.000 5.970
8430.000 4.825
8440.000 4.407
8450.000 3.763
8460.000 3.313
8470.000 3.133
8480.000 2.844
8490.000 2.707
8500.000 2.478
8510.000 2.309
8520.000 2.246
8530.000 2.128
8540.000 2.066
8550.000 1.997
8560.000 1.921
8570.000 1.898
8580.000 1.846
8590.000 1.827
8600.000 1.803
8610.000 1.770
8620.000 1.773
8630.000 1.767
8640.000 1.769
8650.000 1.809
8660.000 1.894
8670.000 1.922
8680.000 1.957
8690.000 1.994
8700.000 2.084
8710.000 2.177
8720.000 2.240
8730.000 2.385
8740.000 2.460
8750.000 2.671
8760.000 2.931
8770.000 3.082
8780.000 3.501
8790.000 3.735
8800.000 4.379
8810.000 5.317
8820.000 5.931
8830.000 7.729
8840.000 8.985
8850.000 12.113
8860.000 14.772
8870.000 15.370
8880.000 12.162
8890.000 9.875
8900.000 6.958
8910.000 5.357
8920.000 4.792
8930.000 3.987
8940.000 3.675
8950.000 3.210
8960.000 2.854
8970.000 2.712
8980.000 2.473
8990.000 2.388
9000.000 2.217
9010.000 2.073
9020.000 2.033
9030.000 1.932
9040.000 1.891
9050.000 1.838
9060.000 1.777
9070.000 1.759
9080.000 1.723
9090.000 1.676
9100.000 1.630
9110.000 1.628
9120.000 1.623
9130.000 1.645
9140.000 1.652
9150.000 1.691
9160.000 1.724
9170.000 1.741
9180.000 1.811
9190.000 1.831
9200.000 1.919
9210.000 2.032
9220.000 2.098
9230.000 2.240
9240.000 2.331
9250.000 2.544
9260.000 2.814
9270.000 2.973
9280.000 3.415
9290.000 3.696
9300.000 4.424
9310.000 4.886
9320.000 6.172
9330.000 8.096
9340.000 9.338
9350.000 12.568
9360.000 14.084
9370.000 12.245
9380.000 8.077
9390.000 6.828
9400.000 5.127
9410.000 4.548
9420.000 3.750
9430.000 3.190
9440.000 2.978
9450.000 2.633
9460.000 2.497
9470.000 2.257
9480.000 2.073
9490.000 1.990
9500.000 1.875
9510.000 1.819
9520.000 1.732
9530.000 1.644
9540.000 1.609
9550.000 1.561
9560.000 1.540
9570.000 1.485
9580.000 1.456
9590.000 1.444
9600.000 1.420
9610.000 1.441
9620.000 1.509
9630.000 1.526
9640.000 1.542
9650.000 1.574
9660.000 1.571
9670.000 1.626
9680.000 1.678
9690.000 1.723
9700.000 1.798
9710.000 1.857
9720.000 1.976
9730.000 2.135
9740.000 2.228
9750.000 2.457
9760.000 2.587
9770.000 2.939
9780.000 3.417
9790.000 3.756
9800.000 4.603
9810.000 5.179
9820.000 6.833
9830.000 9.412
9840.000 10.955
9850.000 12.512
9860.000 11.350
9870.000 7.608
9880.000 5.399
9890.000 4.739
9900.000 3.822
9910.000 3.448
9920.000 2.919
9930.000 2.528
9940.000 2.381
9950.000 2.124
9960.000 2.032
9970.000 1.862
9980.000 1.721
9990.000 1.684
10000.000 1.578
10010.000 1.531
10020.000 1.469
10030.000 1.417
10040.000 1.401
10050.000 1.370
10060.000 1.351
10070.000 1.352
10080.000 1.334
10090.000 1.331
10100.000 1.324
10110.000 1.335
10120.000 1.357
10130.000 1.372
10140.000 1.390
10150.000 1.436
10160.000 1.458
10170.000 1.520
10180.000 1.571
10190.000 1.600
10200.000 1.614
10210.000 1.661
10220.000 1.808
10230.000 1.978
10240.000 2.097
10250.000 2.364
10260.000 2.505
10270.000 2.879
10280.000 3.439
10290.000 3.804
10300.000 4.799
10310.000 5.513
10320.000 7.423
10330.000 9.786
10340.000 10.418
10350.000 8.763
10360.000 7.083
10370.000 5.039
10380.000 3.882
10390.000 3.491
10400.000 2.892
10410.000 2.677
10420.000 2.322
10430.000 2.061
10440.000 1.975
10450.000 1.794
10460.000 1.731
10470.000 1.617
10480.000 1.568
10490.000 1.489
10500.000 1.352
10510.000 1.267
10520.000 1.128
10530.000 1.116
10540.000 1.085
10550.000 1.063
10560.000 1.071
10570.000 1.067
10580.000 1.051
10590.000 1.052
10600.000 1.069
10610.000 1.076
10620.000 1.088
10630.000 1.101
10640.000 1.134
10650.000 1.184
10660.000 1.213
10670.000 1.275
10680.000 1.309
10690.000 1.387
10700.000 1.489
10710.000 1.543
10720.000 1.675
10730.000 1.751
10740.000 1.936
10750.000 2.190
10760.000 2.322
10770.000 2.729
10780.000 2.999
10790.000 3.704
10800.000 4.849
10810.000 5.622
10820.000 7.480
10830.000 8.285
10840.000 8.200
10850.000 6.247
10860.000 5.247
10870.000 3.882
10880.000 3.429
10890.000 2.756
10900.000 2.319
10910.000 2.146
10920.000 1.874
10930.000 1.775
10940.000 1.591
10950.000 1.467
10960.000 1.401
10970.000 1.295
10980.000 1.261
10990.000 1.179
11000.000 1.133
11010.000 1.110
11020.000 1.073
11030.000 1.051
11040.000 1.023
11050.000 1.004
11060.000 0.998
11070.000 0.988
11080.000 0.983
11090.000 0.980
11100.000 0.982
11110.000 0.998
11120.000 1.006
11130.000 1.007
11140.000 1.029
11150.000 1.063
11160.000 1.088
11170.000 1.155
11180.000 1.216
11190.000 1.323
11200.000 1.418
11210.000 1.479
11220.000 1.606
11230.000 1.697
11240.000 1.876
11250.000 2.165
11260.000 2.334
11270.000 2.787
11280.000 3.091
11290.000 3.923
11300.000 5.338
11310.000 6.192
11320.000 7.743
11330.000 7.787
11340.000 5.855
11350.000 4.138
11360.000 3.585
11370.000 2.848
11380.000 2.561
11390.000 2.139
11400.000 1.842
11410.000 1.718
11420.000 1.522
11430.000 1.439
11440.000 1.306
11450.000 1.199
11460.000 1.152
11470.000 1.073
11480.000 1.038
11490.000 0.986
11500.000 0.942
11510.000 0.923
11520.000 0.925
11530.000 0.920
11540.000 0.961
11550.000 0.945
11560.000 0.944
11570.000 0.933
11580.000 0.923
11590.000 0.925
11600.000 0.930
11610.000 0.934
11620.000 0.941
11630.000 0.956
11640.000 1.000
11650.000 1.023
11660.000 1.058
11670.000 1.110
11680.000 1.148
11690.000 1.219
11700.000 1.280
11710.000 1.385
11720.000 1.550
11730.000 1.628
11740.000 1.865
11750.000 2.001
11760.000 2.400
11770.000 2.951
11780.000 3.332
11790.000 4.361
11800.000 5.026
11810.000 6.171
11820.000 5.839
11830.000 5.188
11840.000 3.690
11850.000 3.186
11860.000 2.465
11870.000 2.016
11880.000 1.873
11890.000 1.726
11900.000 1.673
11910.000 1.540
11920.000 1.354
11930.000 1.281
11940.000 1.169
11950.000 1.118
11960.000 1.030
11970.000 0.981
11980.000 0.952
11990.000 0.913
12000.000 0.880
