1801.000 0.667
1802.000 0.674
1803.000 0.672
1804.000 0.688
1805.000 0.687
1806.000 0.697
1807.000 0.690
1808.000 0.678
1809.000 0.696
1810.000 0.696
1811.000 0.703
1812.000 0.718
1813.000 0.720
1814.000 0.717
1815.000 0.738
1816.000 0.728
1817.000 0.736
1818.000 0.750
1819.000 0.757
1820.000 0.742
1821.000 0.758
1822.000 0.765
1823.000 0.754
1824.000 0.755
1825.000 0.760
1826.000 0.775
1827.000 0.780
1828.000 0.786
1829.000 0.794
1830.000 0.776
1831.000 0.776
1832.000 0.818
1833.000 0.810
1834.000 0.792
1835.000 0.824
1836.000 0.808
1837.000 0.811
1838.000 0.822
1839.000 0.826
1840.000 0.818
1841.000 0.819
1842.000 0.844
1843.000 0.823
1844.000 0.847
1845.000 0.861
1846.000 0.846
1847.000 0.846
1848.000 0.864
1849.000 0.868
1850.000 0.865
1851.000 0.865
1852.000 0.890
1853.000 0.880
1854.000 0.866
1855.000 0.876
1856.000 0.906
1857.000 0.890
1858.000 0.915
1859.000 0.915
1860.000 0.912
1861.000 0.919
1862.000 0.913
1863.000 0.908
1864.000 0.913
1865.000 0.930
1866.000 0.921
1867.000 0.932
1868.000 0.946
1869.000 0.954
1870.000 0.934
1871.000 0.923
1872.000 0.953
1873.000 0.945
1874.000 0.970
1875.000 0.975
1876.000 0.979
1877.000 0.964
1878.000 0.962
1879.000 0.963
1880.000 0.957
1881.000 0.981
1882.000 0.977
1883.000 0.990
1884.000 0.974
1885.000 1.000
1886.000 1.002
1887.000 1.002
1888.000 1.008
1889.000 1.012
1890.000 1.025
1891.000 1.030
1892.000 1.045
1893.000 1.013
1894.000 1.029
1895.000 1.036
1896.000 1.024
1897.000 1.016
1898.000 1.011
1899.000 1.045
1900.000 1.061
1901.000 1.038
1902.000 1.014
1903.000 1.054
1904.000 1.031
1905.000 1.064
1906.000 1.045
1907.000 1.065
1908.000 1.079
1909.000 1.046
1910.000 1.052
1911.000 1.063
1912.000 1.079
1913.000 1.062
1914.000 1.115
1915.000 1.044
1916.000 1.095
1917.000 1.096
1918.000 1.084
1919.000 1.099
1920.000 1.033
1921.000 1.075
1922.000 1.081
1923.000 1.092
1924.000 1.106
1925.000 1.088
1926.000 1.107
1927.000 1.130
1928.000 1.095
1929.000 1.140
1930.000 1.085
1931.000 1.174
1932.000 1.094
1933.000 1.136
1934.000 1.156
1935.000 1.180
1936.000 1.134
1937.000 1.123
1938.000 1.157
1939.000 1.096
1940.000 1.141
1941.000 1.162
1942.000 1.158
1943.000 1.193
1944.000 1.143
1945.000 1.217
1946.000 1.198
1947.000 1.200
1948.000 1.168
1949.000 1.197
1950.000 1.195
1951.000 1.225
1952.000 1.225
1953.000 1.213
1954.000 1.181
1955.000 1.183
1956.000 1.212
1957.000 1.271
1958.000 1.230
1959.000 1.216
1960.000 1.197
1961.000 1.258
1962.000 1.239
1963.000 1.282
1964.000 1.234
1965.000 1.258
1966.000 1.287
1967.000 1.214
1968.000 1.291
1969.000 1.220
1970.000 1.247
1971.000 1.248
1972.000 1.277
1973.000 1.559
1974.000 1.318
1975.000 1.295
1976.000 1.279
1977.000 1.372
1978.000 1.377
1979.000 1.360
1980.000 1.308
1981.000 1.368
1982.000 1.345
1983.000 1.382
1984.000 1.368
1985.000 1.368
1986.000 1.384
1987.000 1.395
1988.000 1.403
1989.000 1.383
1990.000 1.388
1991.000 1.405
1992.000 1.388
1993.000 1.416
1994.000 1.426
1995.000 1.421
1996.000 1.436
1997.000 1.467
1998.000 1.481
1999.000 1.464
2000.000 1.472
2001.000 1.557
2002.000 1.502
2003.000 1.491
2004.000 1.506
2005.000 1.499
2006.000 1.500
2007.000 1.537
2008.000 1.565
2009.000 1.553
2010.000 1.542
2011.000 1.607
2012.000 1.614
2013.000 1.610
2014.000 1.603
2015.000 1.671
2016.000 1.614
2017.000 1.689
2018.000 1.636
2019.000 1.675
2020.000 1.706
2021.000 1.730
2022.000 1.770
2023.000 1.710
2024.000 1.769
2025.000 1.769
2026.000 1.769
2027.000 1.890
2028.000 1.823
2029.000 1.803
2030.000 1.858
2031.000 1.905
2032.000 1.923
2033.000 1.949
2034.000 1.956
2035.000 2.002
2036.000 2.031
2037.000 2.048
2038.000 2.053
2039.000 2.086
2040.000 2.142
2041.000 2.148
2042.000 2.176
2043.000 2.192
2044.000 2.244
2045.000 2.334
2046.000 2.326
2047.000 2.353
2048.000 2.410
2049.000 2.426
2050.000 2.465
2051.000 2.520
2052.000 2.543
2053.000 2.619
2054.000 2.681
2055.000 2.696
2056.000 2.776
2057.000 2.811
2058.000 2.915
2059.000 2.989
2060.000 3.044
2061.000 3.122
2062.000 3.175
2063.000 3.241
2064.000 3.381
2065.000 3.443
2066.000 3.546
2067.000 3.645
2068.000 3.795
2069.000 3.899
2070.000 4.031
2071.000 4.200
2072.000 4.348
2073.000 4.509
2074.000 4.626
2075.000 4.824
2076.000 5.059
2077.000 5.222
2078.000 5.602
2079.000 5.838
2080.000 6.159
2081.000 6.430
2082.000 6.806
2083.000 7.161
2084.000 7.591
2085.000 7.996
2086.000 8.477
2087.000 8.687
2088.000 9.098
2089.000 9.077
2090.000 9.826
2091.000 9.720
2092.000 9.934
2093.000 9.915
2094.000 9.606
2095.000 9.159
2096.000 8.639
2097.000 8.021
2098.000 7.711
2099.000 7.160
2100.000 6.620
2101.000 6.137
2102.000 5.674
2103.000 5.259
2104.000 4.913
2105.000 4.586
2106.000 4.281
2107.000 4.021
2108.000 3.774
2109.000 3.545
2110.000 3.344
2111.000 3.248
2112.000 3.089
2113.000 2.918
2114.000 2.780
2115.000 2.624
2116.000 2.495
2117.000 2.358
2118.000 2.255
2119.000 2.130
2120.000 2.063
2121.000 1.968
2122.000 1.878
2123.000 1.851
2124.000 1.773
2125.000 1.674
2126.000 1.596
2127.000 1.541
2128.000 1.482
2129.000 1.417
2130.000 1.362
2131.000 1.315
2132.000 1.270
2133.000 1.228
2134.000 1.150
2135.000 1.128
2136.000 1.099
2137.000 1.083
2138.000 1.020
2139.000 0.971
2140.000 0.937
2141.000 0.905
2142.000 0.896
2143.000 0.860
2144.000 0.813
2145.000 0.777
2146.000 0.762
2147.000 0.736
2148.000 0.695
2149.000 0.684
2150.000 0.643
2151.000 0.630
2152.000 0.604
2153.000 0.599
2154.000 0.567
2155.000 0.548
2156.000 0.544
2157.000 0.510
2158.000 0.477
2159.000 0.464
2160.000 0.432
2161.000 0.422
2162.000 0.400
2163.000 0.393
2164.000 0.372
2165.000 0.351
2166.000 0.325
2167.000 0.323
2168.000 0.279
2169.000 0.273
2170.000 0.257
2171.000 0.240
2172.000 0.248
2173.000 0.226
2174.000 0.215
2175.000 0.196
2176.000 0.193
2177.000 0.149
2178.000 0.158
2179.000 0.131
2180.000 0.136
2181.000 0.118
2182.000 0.116
2183.000 0.095
2184.000 0.087
2185.000 0.082
2186.000 0.078
2187.000 0.073
2188.000 0.070
2189.000 0.084
2190.000 0.364
2191.000 1.348
2192.000 0.103
2193.000 0.136
2194.000 0.136
2195.000 0.136
2196.000 0.158
2197.000 0.146
2198.000 0.209
2199.000 0.228
2200.000 0.208
2201.000 0.233
2202.000 0.227
2203.000 0.263
2204.000 0.293
2205.000 0.318
2206.000 0.320
2207.000 0.343
2208.000 0.363
2209.000 0.347
2210.000 0.389
2211.000 0.395
2212.000 0.401
2213.000 0.432
2214.000 0.459
2215.000 0.488
2216.000 0.519
2217.000 0.534
2218.000 0.551
2219.000 0.569
2220.000 0.596
2221.000 0.624
2222.000 0.654
2223.000 0.670
2224.000 0.710
2225.000 0.754
2226.000 0.773
2227.000 0.816
2228.000 0.818
2229.000 0.863
2230.000 0.912
2231.000 0.985
2232.000 1.024
2233.000 1.043
2234.000 1.127
2235.000 1.077
2236.000 1.178
2237.000 1.234
2238.000 1.321
2239.000 1.399
2240.000 1.470
2241.000 1.528
2242.000 1.623
2243.000 1.715
2244.000 1.822
2245.000 1.871
2246.000 2.004
2247.000 2.131
2248.000 2.288
2249.000 2.450
2250.000 2.628
2251.000 2.817
2252.000 3.039
2253.000 3.273
2254.000 3.571
2255.000 3.883
2256.000 4.044
2257.000 4.354
2258.000 4.743
2259.000 5.138
2260.000 5.502
2261.000 5.796
2262.000 6.007
2263.000 6.134
2264.000 6.081
2265.000 5.896
2266.000 5.568
2267.000 5.178
2268.000 4.788
2269.000 4.581
2270.000 4.178
2271.000 3.838
2272.000 3.573
2273.000 3.297
2274.000 3.104
2275.000 2.933
2276.000 2.757
2277.000 2.578
2278.000 2.436
2279.000 2.323
2280.000 2.198
2281.000 2.103
2282.000 2.044
2283.000 1.948
2284.000 1.870
2285.000 1.797
2286.000 1.742
2287.000 1.676
2288.000 1.602
2289.000 1.552
2290.000 1.493
2291.000 1.445
2292.000 1.408
2293.000 1.377
2294.000 1.370
2295.000 1.310
2296.000 1.288
2297.000 1.242
2298.000 1.205
2299.000 1.184
2300.000 1.142
2301.000 1.112
2302.000 1.078
2303.000 1.097
2304.000 1.051
2305.000 0.999
2306.000 0.990
2307.000 0.974
2308.000 0.968
2309.000 0.959
2310.000 0.916
2311.000 0.886
2312.000 0.952
2313.000 0.875
2314.000 0.832
2315.000 0.822
2316.000 0.800
2317.000 0.807
2318.000 0.795
2319.000 0.791
2320.000 0.776
2321.000 0.779
2322.000 0.788
2323.000 0.722
2324.000 0.772
2325.000 0.706
2326.000 0.694
2327.000 0.695
2328.000 0.693
2329.000 0.667
2330.000 0.682
2331.000 0.657
2332.000 0.654
2333.000 0.643
2334.000 0.639
2335.000 0.622
2336.000 0.615
2337.000 0.605
2338.000 0.605
2339.000 0.585
2340.000 0.581
2341.000 0.589
2342.000 0.565
2343.000 0.568
2344.000 0.584
2345.000 0.546
2346.000 0.547
2347.000 0.541
2348.000 0.538
2349.000 0.529
2350.000 0.523
2351.000 0.521
2352.000 0.517
2353.000 0.510
2354.000 0.501
2355.000 0.500
2356.000 0.492
2357.000 0.494
2358.000 0.479
2359.000 0.481
2360.000 0.460
2361.000 0.457
2362.000 0.456
2363.000 0.452
2364.000 0.448
2365.000 0.431
2366.000 0.446
2367.000 0.440
2368.000 0.428
2369.000 0.430
2370.000 0.427
2371.000 0.426
2372.000 0.423
2373.000 0.406
2374.000 0.406
2375.000 0.402
2376.000 0.404
2377.000 0.399
2378.000 0.403
2379.000 0.413
2380.000 0.394
2381.000 0.382
2382.000 0.390
2383.000 0.381
2384.000 0.378
2385.000 0.372
2386.000 0.406
2387.000 0.361
2388.000 0.360
2389.000 0.357
2390.000 0.361
2391.000 0.356
2392.000 0.353
2393.000 0.343
2394.000 0.360
2395.000 0.345
2396.000 0.350
2397.000 0.342
2398.000 0.338
2399.000 0.335
2400.000 0.337
2401.000 0.360
2402.000 0.334
2403.000 0.334
2404.000 0.342
2405.000 0.322
2406.000 0.314
2407.000 0.323
2408.000 0.315
2409.000 0.313
2410.000 0.319
2411.000 0.313
2412.000 0.313
2413.000 0.307
2414.000 0.297
2415.000 0.309
2416.000 0.299
2417.000 0.306
2418.000 0.293
2419.000 0.279
2420.000 0.293
2421.000 0.301
2422.000 0.310
2423.000 0.288
2424.000 0.295
2425.000 0.290
2426.000 0.287
2427.000 0.282
2428.000 0.292
2429.000 0.312
2430.000 0.293
2431.000 0.280
2432.000 0.279
2433.000 0.286
2434.000 0.276
2435.000 0.279
2436.000 0.272
2437.000 0.273
2438.000 0.281
2439.000 0.284
2440.000 0.265
2441.000 0.271
2442.000 0.264
2443.000 0.263
2444.000 0.266
2445.000 0.261
2446.000 0.263
2447.000 0.262
2448.000 0.254
2449.000 0.258
2450.000 0.256
2451.000 0.254
2452.000 0.257
2453.000 0.261
2454.000 0.260
2455.000 0.254
2456.000 0.252
2457.000 0.253
2458.000 0.252
2459.000 0.255
2460.000 0.253
2461.000 0.252
2462.000 0.251
2463.000 0.253
2464.000 0.246
2465.000 0.250
2466.000 0.243
2467.000 0.245
2468.000 0.245
2469.000 0.249
2470.000 0.249
2471.000 0.243
2472.000 0.243
2473.000 0.246
2474.000 0.247
2475.000 0.238
2476.000 0.248
2477.000 0.238
2478.000 0.243
2479.000 0.243
2480.000 0.244
2481.000 0.234
2482.000 0.244
2483.000 0.243
2484.000 0.238
2485.000 0.239
2486.000 0.240
2487.000 0.244
2488.000 0.240
2489.000 0.234
2490.000 0.235
2491.000 0.240
2492.000 0.229
2493.000 0.242
2494.000 0.234
2495.000 0.241
2496.000 0.239
2497.000 0.224
2498.000 0.232
2499.000 0.233
2500.000 0.232
2501.000 0.236
2502.000 0.242
2503.000 0.239
2504.000 0.231
2505.000 0.241
2506.000 0.232
2507.000 0.244
2508.000 0.233
2509.000 0.232
2510.000 0.234
2511.000 0.229
2512.000 0.232
2513.000 0.236
2514.000 0.240
2515.000 0.229
2516.000 0.236
2517.000 0.252
2518.000 0.248
2519.000 0.237
2520.000 0.237
2521.000 0.241
2522.000 0.233
2523.000 0.235
2524.000 0.242
2525.000 0.232
2526.000 0.241
2527.000 0.233
2528.000 0.236
2529.000 0.235
2530.000 0.231
2531.000 0.230
2532.000 0.233
2533.000 0.231
2534.000 0.241
2535.000 0.240
2536.000 0.241
2537.000 0.230
2538.000 0.234
2539.000 0.243
2540.000 0.239
2541.000 0.241
2542.000 0.240
2543.000 0.242
2544.000 0.258
2545.000 0.237
2546.000 0.237
2547.000 0.244
2548.000 0.235
2549.000 0.244
2550.000 0.236
2551.000 0.239
2552.000 0.252
2553.000 0.250
2554.000 0.249
2555.000 0.241
2556.000 0.245
2557.000 0.237
2558.000 0.248
2559.000 0.268
2560.000 0.253
2561.000 0.252
2562.000 0.254
2563.000 0.241
2564.000 0.257
2565.000 0.248
2566.000 0.252
2567.000 0.253
2568.000 0.256
2569.000 0.251
2570.000 0.258
2571.000 0.260
2572.000 0.253
2573.000 0.257
2574.000 0.257
2575.000 0.261
2576.000 0.263
2577.000 0.260
2578.000 0.255
2579.000 0.274
2580.000 0.259
2581.000 0.263
2582.000 0.266
2583.000 0.267
2584.000 0.269
2585.000 0.265
2586.000 0.260
2587.000 0.260
2588.000 0.262
2589.000 0.258
2590.000 0.264
2591.000 0.263
2592.000 0.269
2593.000 0.272
2594.000 0.267
2595.000 0.272
2596.000 0.274
2597.000 0.270
2598.000 0.276
2599.000 0.274
2600.000 0.277
