110.000 2.176
120.000 3.192
130.000 2.301
140.000 4.058
150.000 2.533
160.000 3.941
170.000 3.176
180.000 3.249
190.000 3.236
200.000 3.112
210.000 3.261
220.000 5.560
230.000 3.862
240.000 4.915
250.000 3.740
260.000 4.454
270.000 4.430
280.000 4.851
290.000 4.484
300.000 4.697
310.000 5.244
320.000 4.913
330.000 5.496
340.000 5.865
350.000 5.444
360.000 7.032
370.000 7.144
380.000 8.100
390.000 6.138
400.000 6.502
410.000 7.500
420.000 9.657
430.000 10.031
440.000 10.580
450.000 10.539
460.000 12.146
470.000 11.676
480.000 11.979
490.000 12.012
500.000 11.687
510.000 11.041
520.000 10.690
530.000 9.802
540.000 9.018
550.000 8.610
560.000 7.609
570.000 7.160
580.000 6.484
590.000 5.660
600.000 5.714
610.000 4.960
620.000 4.756
630.000 4.338
640.000 3.948
650.000 3.705
660.000 3.381
670.000 3.210
680.000 2.681
690.000 2.647
700.000 2.637
710.000 2.553
720.000 2.336
730.000 2.167
740.000 2.077
750.000 1.919
760.000 1.751
770.000 1.790
780.000 1.578
790.000 1.586
800.000 1.448
810.000 1.385
820.000 1.279
830.000 1.155
840.000 1.197
850.000 1.113
860.000 1.010
870.000 0.965
880.000 0.852
890.000 0.847
900.000 0.783
910.000 0.759
920.000 0.737
930.000 0.649
940.000 0.559
950.000 0.517
960.000 0.526
970.000 0.484
980.000 0.525
990.000 0.511
1000.000 0.484
1010.000 0.476
1020.000 0.469
1030.000 0.472
1040.000 0.461
1050.000 0.435
1060.000 0.436
1070.000 0.454
1080.000 0.430
1090.000 0.450
1100.000 0.442
1110.000 0.476
1120.000 0.459
1130.000 0.514
1140.000 0.523
1150.000 0.512
1160.000 0.542
1170.000 0.580
1180.000 0.618
1190.000 0.625
1200.000 0.639
1210.000 0.653
1220.000 0.706
1230.000 0.727
1240.000 0.704
1250.000 0.754
1260.000 0.784
1270.000 0.844
1280.000 0.906
1290.000 0.925
1300.000 0.930
1310.000 0.984
1320.000 0.994
1330.000 1.054
1340.000 1.096
1350.000 1.125
1360.000 1.147
1370.000 1.226
1380.000 1.271
1390.000 1.272
1400.000 1.355
1410.000 1.387
1420.000 1.442
1430.000 1.502
1440.000 1.545
1450.000 1.600
1460.000 1.669
1470.000 1.660
1480.000 1.763
1490.000 1.796
1500.000 1.853
1510.000 1.933
1520.000 1.959
1530.000 2.030
1540.000 2.112
1550.000 2.218
1560.000 2.313
1570.000 2.363
1580.000 2.455
1590.000 2.474
1600.000 2.611
1610.000 2.657
1620.000 2.778
1630.000 2.812
1640.000 2.867
1650.000 2.944
1660.000 3.035
1670.000 3.021
1680.000 2.980
1690.000 3.051
1700.000 3.025
1710.000 2.939
1720.000 2.858
1730.000 2.780
1740.000 2.714
1750.000 2.591
1760.000 2.629
1770.000 2.688
1780.000 2.990
1790.000 3.224
1800.000 3.867
1810.000 4.571
1820.000 4.988
1830.000 5.724
1840.000 6.106
1850.000 6.820
1860.000 7.579
1870.000 7.932
1880.000 8.597
1890.000 8.856
1900.000 9.564
1910.000 9.848
1920.000 10.462
1930.000 11.054
1940.000 11.556
1950.000 12.057
1960.000 12.365
1970.000 13.037
1980.000 13.627
1990.000 13.913
2000.000 14.522
2010.000 14.845
2020.000 15.313
2030.000 15.882
2040.000 16.205
2050.000 16.677
2060.000 16.934
2070.000 17.362
2080.000 17.900
2090.000 18.150
2100.000 18.579
2110.000 18.821
2120.000 19.296
2130.000 19.804
2140.000 20.027
2150.000 20.564
2160.000 20.854
2170.000 21.448
2180.000 22.156
2190.000 22.511
2200.000 23.295
2210.000 23.710
2220.000 24.698
2230.000 25.740
2240.000 26.294
2250.000 27.606
2260.000 28.288
2270.000 29.862
2280.000 31.601
2290.000 32.530
2300.000 34.484
2310.000 35.535
2320.000 37.583
2330.000 39.386
2340.000 40.116
2350.000 41.079
2360.000 41.228
2370.000 40.892
2380.000 39.526
2390.000 38.360
2400.000 35.542
2410.000 34.004
2420.000 30.896
2430.000 27.901
2440.000 26.464
2450.000 23.845
2460.000 22.617
2470.000 20.470
2480.000 18.568
2490.000 17.711
2500.000 16.132
2510.000 15.439
2520.000 14.169
2530.000 13.070
2540.000 12.572
2550.000 11.652
2560.000 11.243
2570.000 10.467
2580.000 9.792
2590.000 9.481
2600.000 8.873
2610.000 8.602
2620.000 8.124
2630.000 7.671
2640.000 7.442
2650.000 7.053
2660.000 6.873
2670.000 6.537
2680.000 6.205
2690.000 6.050
2700.000 5.788
2710.000 5.670
2720.000 5.414
2730.000 5.162
2740.000 5.075
2750.000 4.869
2760.000 4.775
2770.000 4.577
2780.000 4.410
2790.000 4.328
2800.000 4.163
2810.000 4.099
2820.000 3.956
2830.000 3.821
2840.000 3.761
2850.000 3.636
2860.000 3.587
2870.000 3.474
2880.000 3.369
2890.000 3.314
2900.000 3.213
2910.000 3.174
2920.000 3.085
2930.000 2.997
2940.000 2.953
2950.000 2.900
2960.000 2.852
2970.000 2.764
2980.000 2.701
2990.000 2.679
3000.000 2.623
3010.000 2.587
3020.000 2.526
3030.000 2.464
3040.000 2.439
3050.000 2.385
3060.000 2.354
3070.000 2.305
3080.000 2.272
3090.000 2.249
3100.000 2.192
3110.000 2.189
3120.000 2.151
3130.000 2.118
3140.000 2.092
3150.000 2.055
3160.000 2.034
3170.000 2.003
3180.000 1.990
3190.000 1.944
3200.000 1.935
3210.000 1.919
3220.000 1.878
3230.000 1.864
3240.000 1.842
3250.000 1.818
3260.000 1.808
3270.000 1.784
3280.000 1.787
3290.000 1.732
3300.000 1.730
3310.000 1.717
3320.000 1.702
3330.000 1.691
3340.000 1.688
3350.000 1.669
3360.000 1.646
3370.000 1.657
3380.000 1.637
3390.000 1.640
3400.000 1.613
3410.000 1.609
3420.000 1.591
3430.000 1.602
3440.000 1.570
3450.000 1.556
3460.000 1.563
3470.000 1.531
3480.000 1.546
3490.000 1.550
3500.000 1.530
3510.000 1.525
3520.000 1.521
3530.000 1.532
3540.000 1.508
3550.000 1.501
3560.000 1.504
3570.000 1.499
3580.000 1.500
3590.000 1.503
3600.000 1.479
3610.000 1.477
3620.000 1.479
3630.000 1.490
3640.000 1.461
3650.000 1.468
3660.000 1.473
3670.000 1.462
3680.000 1.482
3690.000 1.475
3700.000 1.467
3710.000 1.456
3720.000 1.469
3730.000 1.462
3740.000 1.453
3750.000 1.466
3760.000 1.458
3770.000 1.455
3780.000 1.475
3790.000 1.458
3800.000 1.468
3810.000 1.469
3820.000 1.453
3830.000 1.457
3840.000 1.481
3850.000 1.472
3860.000 1.480
3870.000 1.488
3880.000 1.502
3890.000 1.493
3900.000 1.505
3910.000 1.515
3920.000 1.528
3930.000 1.534
3940.000 1.544
3950.000 1.530
3960.000 1.552
3970.000 1.549
3980.000 1.561
3990.000 1.575
4000.000 1.590
4010.000 1.598
4020.000 1.616
4030.000 1.618
4040.000 1.640
4050.000 1.656
4060.000 1.658
4070.000 1.679
4080.000 1.709
4090.000 1.726
4100.000 1.742
4110.000 1.757
4120.000 1.783
4130.000 1.781
4140.000 1.811
4150.000 1.859
4160.000 1.876
4170.000 1.911
4180.000 1.930
4190.000 1.957
4200.000 2.020
4210.000 2.028
4220.000 2.088
4230.000 2.101
4240.000 2.157
4250.000 2.223
4260.000 2.254
4270.000 2.329
4280.000 2.356
4290.000 2.447
4300.000 2.487
4310.000 2.561
4320.000 2.648
4330.000 2.689
4340.000 2.751
4350.000 2.770
4360.000 2.801
4370.000 2.856
4380.000 2.891
4390.000 3.016
4400.000 3.094
4410.000 3.287
4420.000 3.526
4430.000 3.657
4440.000 3.972
4450.000 4.139
4460.000 4.532
4470.000 5.004
4480.000 5.268
4490.000 5.904
4500.000 6.286
4510.000 7.170
4520.000 8.318
4530.000 9.004
4540.000 10.778
4550.000 11.900
4560.000 14.850
4570.000 19.002
4580.000 21.590
4590.000 27.023
4600.000 29.115
4610.000 29.063
4620.000 24.349
4630.000 21.610
4640.000 17.554
4650.000 15.979
4660.000 13.537
4670.000 11.713
4680.000 10.970
4690.000 9.760
4700.000 9.240
4710.000 8.407
4720.000 7.726
4730.000 7.421
4740.000 6.909
4750.000 6.703
4760.000 6.308
4770.000 5.940
4780.000 5.741
4790.000 5.372
4800.000 5.185
4810.000 4.811
4820.000 4.445
4830.000 4.263
4840.000 3.869
4850.000 3.667
4860.000 3.313
4870.000 2.977
4880.000 2.804
4890.000 2.526
4900.000 2.424
4910.000 2.233
4920.000 2.174
4930.000 2.093
4940.000 2.064
4950.000 2.089
4960.000 2.149
4970.000 2.198
4980.000 2.334
4990.000 2.502
5000.000 2.594
5010.000 2.790
5020.000 2.892
5030.000 3.116
5040.000 3.340
5050.000 3.458
5060.000 3.695
5070.000 3.820
5080.000 4.054
5090.000 4.263
5100.000 4.381
5110.000 4.555
5120.000 4.645
5130.000 4.803
5140.000 4.896
5150.000 4.931
5160.000 4.983
5170.000 5.002
5180.000 4.971
5190.000 4.927
5200.000 4.887
5210.000 4.793
5220.000 4.736
5230.000 4.622
5240.000 4.470
5250.000 4.388
5260.000 4.214
5270.000 4.131
5280.000 3.900
5290.000 3.574
5300.000 3.407
5310.000 3.642
5320.000 3.725
5330.000 3.806
5340.000 3.840
5350.000 3.844
5360.000 3.807
5370.000 3.791
5380.000 3.755
5390.000 3.690
5400.000 3.650
5410.000 3.565
5420.000 3.536
5430.000 3.440
5440.000 3.346
5450.000 3.315
5460.000 3.226
5470.000 3.190
5480.000 3.110
5490.000 3.022
5500.000 2.989
5510.000 2.915
5520.000 2.891
5530.000 2.831
5540.000 2.763
5550.000 2.739
5560.000 2.695
5570.000 2.663
5580.000 2.645
5590.000 2.582
5600.000 2.560
5610.000 2.528
5620.000 2.501
5630.000 2.467
5640.000 2.433
5650.000 2.424
5660.000 2.391
5670.000 2.376
5680.000 2.344
5690.000 2.322
5700.000 2.308
5710.000 2.283
5720.000 2.279
5730.000 2.257
5740.000 2.238
5750.000 2.239
5760.000 2.215
5770.000 2.214
5780.000 2.187
5790.000 2.187
5800.000 2.157
5810.000 2.174
5820.000 2.157
5830.000 2.136
5840.000 2.145
5850.000 2.144
5860.000 2.133
5870.000 2.119
5880.000 2.116
5890.000 2.110
5900.000 2.114
5910.000 2.098
5920.000 2.103
5930.000 2.106
5940.000 2.093
5950.000 2.100
5960.000 2.104
5970.000 2.100
5980.000 2.109
5990.000 2.105
6000.000 2.108
6010.000 2.127
6020.000 2.104
6030.000 2.127
6040.000 2.128
6050.000 2.145
6060.000 2.140
6070.000 2.148
6080.000 2.169
6090.000 2.156
6100.000 2.180
6110.000 2.197
6120.000 2.193
6130.000 2.213
6140.000 2.216
6150.000 2.226
6160.000 2.253
6170.000 2.264
6180.000 2.284
6190.000 2.291
6200.000 2.321
6210.000 2.336
6220.000 2.343
6230.000 2.368
6240.000 2.385
6250.000 2.411
6260.000 2.439
6270.000 2.459
6280.000 2.481
6290.000 2.505
6300.000 2.533
6310.000 2.574
6320.000 2.585
6330.000 2.626
6340.000 2.653
6350.000 2.696
6360.000 2.737
6370.000 2.770
6380.000 2.818
6390.000 2.840
6400.000 2.890
6410.000 2.962
6420.000 2.989
6430.000 3.055
6440.000 3.082
6450.000 3.154
6460.000 3.227
6470.000 3.284
6480.000 3.360
6490.000 3.391
6500.000 3.511
6510.000 3.593
6520.000 3.665
6530.000 3.762
6540.000 3.836
6550.000 3.947
6560.000 4.090
6570.000 4.158
6580.000 4.324
6590.000 4.405
6600.000 4.596
6610.000 4.790
6620.000 4.895
6630.000 5.120
6640.000 5.230
6650.000 5.497
6660.000 5.815
6670.000 5.965
6680.000 6.335
6690.000 6.515
6700.000 6.956
6710.000 7.420
6720.000 7.694
6730.000 8.294
6740.000 8.642
6750.000 9.436
6760.000 10.390
6770.000 10.929
6780.000 12.291
6790.000 13.045
6800.000 14.931
6810.000 17.344
6820.000 18.946
6830.000 22.956
6840.000 25.540
6850.000 32.292
6860.000 41.777
6870.000 46.904
6880.000 53.056
6890.000 51.342
6900.000 40.426
6910.000 30.346
6920.000 26.835
6930.000 21.596
6940.000 19.551
6950.000 16.421
6960.000 14.078
6970.000 13.149
6980.000 11.591
6990.000 10.961
7000.000 9.856
7010.000 8.914
7020.000 8.514
7030.000 7.839
7040.000 7.528
7050.000 6.991
7060.000 6.524
7070.000 6.319
7080.000 5.929
7090.000 5.751
7100.000 5.433
7110.000 5.146
7120.000 5.031
7130.000 4.793
7140.000 4.664
7150.000 4.462
7160.000 4.274
7170.000 4.174
7180.000 4.009
7190.000 3.941
7200.000 3.782
7210.000 3.651
7220.000 3.587
7230.000 3.469
7240.000 3.413
7250.000 3.299
7260.000 3.251
7270.000 3.142
7280.000 3.064
7290.000 3.005
7300.000 2.909
7310.000 2.864
7320.000 2.811
7330.000 2.724
7340.000 2.704
7350.000 2.629
7360.000 2.600
7370.000 2.543
7380.000 2.487
7390.000 2.463
7400.000 2.408
7410.000 2.372
7420.000 2.322
7430.000 2.279
7440.000 2.255
7450.000 2.189
7460.000 2.175
7470.000 2.106
7480.000 2.065
7490.000 2.029
7500.000 1.968
7510.000 1.954
7520.000 2.062
7530.000 2.205
7540.000 2.207
7550.000 2.167
7560.000 2.147
7570.000 2.091
7580.000 2.040
7590.000 2.019
7600.000 1.973
7610.000 1.958
7620.000 1.939
7630.000 1.886
7640.000 1.891
7650.000 1.858
7660.000 1.838
7670.000 1.806
7680.000 1.792
7690.000 1.783
7700.000 1.778
7710.000 1.761
7720.000 1.736
7730.000 1.716
7740.000 1.711
7750.000 1.701
7760.000 1.688
7770.000 1.676
7780.000 1.660
7790.000 1.656
7800.000 1.666
7810.000 1.650
7820.000 1.627
7830.000 1.619
7840.000 1.626
7850.000 1.621
7860.000 1.608
7870.000 1.621
7880.000 1.602
7890.000 1.611
7900.000 1.614
7910.000 1.602
7920.000 1.607
7930.000 1.613
7940.000 1.563
7950.000 1.497
7960.000 1.485
7970.000 1.497
7980.000 1.489
7990.000 1.488
8000.000 1.491
8010.000 1.493
8020.000 1.498
8030.000 1.490
8040.000 1.499
8050.000 1.502
8060.000 1.493
8070.000 1.503
8080.000 1.505
8090.000 1.501
8100.000 1.506
8110.000 1.507
8120.000 1.512
8130.000 1.513
8140.000 1.504
8150.000 1.513
8160.000 1.514
8170.000 1.515
8180.000 1.516
8190.000 1.526
8200.000 1.514
8210.000 1.516
8220.000 1.514
8230.000 1.515
8240.000 1.512
8250.000 1.515
8260.000 1.515
8270.000 1.576
8280.000 1.650
8290.000 1.691
8300.000 1.698
8310.000 1.694
8320.000 1.692
8330.000 1.706
8340.000 1.718
8350.000 1.713
8360.000 1.713
8370.000 1.714
8380.000 1.731
8390.000 1.739
8400.000 1.761
8410.000 1.757
8420.000 1.779
8430.000 1.784
8440.000 1.801
8450.000 1.815
8460.000 1.825
8470.000 1.842
8480.000 1.861
8490.000 1.880
8500.000 1.884
8510.000 1.916
8520.000 1.932
8530.000 1.954
8540.000 1.973
8550.000 2.000
8560.000 2.023
8570.000 2.047
8580.000 2.047
8590.000 2.078
8600.000 2.121
8610.000 2.138
8620.000 2.175
8630.000 2.199
8640.000 2.234
8650.000 2.273
8660.000 2.311
8670.000 2.340
8680.000 2.349
8690.000 2.407
8700.000 2.468
8710.000 2.487
8720.000 2.555
8730.000 2.573
8740.000 2.632
8750.000 2.702
8760.000 2.732
8770.000 2.806
8780.000 2.852
8790.000 2.925
8800.000 3.026
8810.000 3.064
8820.000 3.163
8830.000 3.212
8840.000 3.304
8850.000 3.442
8860.000 3.498
8870.000 3.622
8880.000 3.704
8890.000 3.859
8900.000 4.032
8910.000 4.110
8920.000 4.315
8930.000 4.404
8940.000 4.637
8950.000 4.900
8960.000 5.058
8970.000 5.354
8980.000 5.536
8990.000 5.930
9000.000 6.378
9010.000 6.599
9020.000 7.183
9030.000 7.484
9040.000 8.260
9050.000 9.106
9060.000 9.634
9070.000 10.875
9080.000 11.611
9090.000 13.478
9100.000 15.983
9110.000 17.531
9120.000 21.526
9130.000 23.993
9140.000 29.861
9150.000 35.368
9160.000 36.259
9170.000 32.794
9180.000 29.332
9190.000 23.033
9200.000 18.223
9210.000 16.413
9220.000 13.625
9230.000 12.592
9240.000 10.837
9250.000 9.563
9260.000 9.003
9270.000 8.062
9280.000 7.664
9290.000 6.939
9300.000 6.373
9310.000 6.102
9320.000 5.648
9330.000 5.433
9340.000 5.030
9350.000 4.717
9360.000 4.565
9370.000 4.308
9380.000 4.185
9390.000 3.958
9400.000 3.779
9410.000 3.662
9420.000 3.500
9430.000 3.413
9440.000 3.253
9450.000 3.119
9460.000 3.056
9470.000 2.944
9480.000 2.873
9490.000 2.778
9500.000 2.680
9510.000 2.637
9520.000 2.536
9530.000 2.514
9540.000 2.417
9550.000 2.336
9560.000 2.302
9570.000 2.236
9580.000 2.195
9590.000 2.140
9600.000 2.079
9610.000 2.055
9620.000 1.993
9630.000 1.974
9640.000 1.932
9650.000 1.894
9660.000 1.834
9670.000 1.806
9680.000 1.792
9690.000 1.739
9700.000 1.711
9710.000 1.681
9720.000 1.646
9730.000 1.634
9740.000 1.602
9750.000 1.586
9760.000 1.561
9770.000 1.517
9780.000 1.507
9790.000 1.491
9800.000 1.466
9810.000 1.442
9820.000 1.411
9830.000 1.401
9840.000 1.383
9850.000 1.375
9860.000 1.347
9870.000 1.339
9880.000 1.308
9890.000 1.310
9900.000 1.286
9910.000 1.267
9920.000 1.247
9930.000 1.236
9940.000 1.233
9950.000 1.221
9960.000 1.196
9970.000 1.193
9980.000 1.196
9990.000 1.164
10000.000 1.160
10010.000 1.139
10020.000 1.138
10030.000 1.135
10040.000 1.114
10050.000 1.117
10060.000 1.102
10070.000 1.088
10080.000 1.077
10090.000 1.076
10100.000 1.064
10110.000 1.062
10120.000 1.049
10130.000 1.057
10140.000 1.061
10150.000 1.067
10160.000 1.065
10170.000 1.054
10180.000 1.052
10190.000 1.057
10200.000 1.044
10210.000 1.040
10220.000 1.032
10230.000 1.019
10240.000 1.027
10250.000 1.020
10260.000 1.018
10270.000 1.020
10280.000 1.018
10290.000 1.002
10300.000 0.998
10310.000 1.003
10320.000 1.005
10330.000 0.999
10340.000 0.989
10350.000 1.001
10360.000 0.998
10370.000 1.002
10380.000 0.987
10390.000 0.995
10400.000 0.996
10410.000 0.999
10420.000 0.999
10430.000 0.995
10440.000 1.005
10450.000 1.000
10460.000 1.013
10470.000 1.019
10480.000 1.027
10490.000 1.021
10500.000 1.034
10510.000 1.018
10520.000 0.967
10530.000 0.956
10540.000 0.940
10550.000 0.941
10560.000 0.943
10570.000 0.943
10580.000 0.957
10590.000 0.953
10600.000 0.965
10610.000 0.970
10620.000 0.968
10630.000 0.980
10640.000 0.987
10650.000 0.995
10660.000 1.001
10670.000 1.029
10680.000 1.040
10690.000 1.050
10700.000 1.053
10710.000 1.082
10720.000 1.094
10730.000 1.095
10740.000 1.111
10750.000 1.117
10760.000 1.121
10770.000 1.147
10780.000 1.143
10790.000 1.172
10800.000 1.161
10810.000 1.188
10820.000 1.192
10830.000 1.192
10840.000 1.204
10850.000 1.219
10860.000 1.229
10870.000 1.244
10880.000 1.263
10890.000 1.278
10900.000 1.292
10910.000 1.313
10920.000 1.325
10930.000 1.351
10940.000 1.374
10950.000 1.394
10960.000 1.404
10970.000 1.431
10980.000 1.454
10990.000 1.491
11000.000 1.501
11010.000 1.532
11020.000 1.554
11030.000 1.595
11040.000 1.638
11050.000 1.655
11060.000 1.700
11070.000 1.732
11080.000 1.773
11090.000 1.825
11100.000 1.852
11110.000 1.908
11120.000 1.949
11130.000 2.021
11140.000 2.090
11150.000 2.137
11160.000 2.209
11170.000 2.260
11180.000 2.359
11190.000 2.460
11200.000 2.534
11210.000 2.653
11220.000 2.726
11230.000 2.897
11240.000 3.069
11250.000 3.157
11260.000 3.370
11270.000 3.487
11280.000 3.760
11290.000 4.067
11300.000 4.248
11310.000 4.647
11320.000 4.885
11330.000 5.429
11340.000 6.114
11350.000 6.501
11360.000 7.469
11370.000 8.055
11380.000 9.411
11390.000 11.209
11400.000 12.344
11410.000 14.897
11420.000 15.942
11430.000 17.117
11440.000 16.764
11450.000 14.386
11460.000 11.755
11470.000 10.635
11480.000 8.770
11490.000 8.029
11500.000 6.840
11510.000 5.934
11520.000 5.583
11530.000 4.934
11540.000 4.661
11550.000 4.216
11560.000 3.832
11570.000 3.672
11580.000 3.370
11590.000 3.254
11600.000 3.009
11610.000 2.800
11620.000 2.709
11630.000 2.559
11640.000 2.500
11650.000 2.337
11660.000 2.211
11670.000 2.157
11680.000 2.050
11690.000 1.993
11700.000 1.899
11710.000 1.810
11720.000 1.775
11730.000 1.706
11740.000 1.661
11750.000 1.592
11760.000 1.540
11770.000 1.508
11780.000 1.456
11790.000 1.436
11800.000 1.392
11810.000 1.338
11820.000 1.326
11830.000 1.282
11840.000 1.262
11850.000 1.233
11860.000 1.186
11870.000 1.172
11880.000 1.146
11890.000 1.129
11900.000 1.102
11910.000 1.054
11920.000 1.058
11930.000 1.048
11940.000 1.022
11950.000 0.997
11960.000 0.982
11970.000 0.961
11980.000 0.955
11990.000 0.947
12000.000 0.925
