110.000 0.187
120.000 0.442
130.000 0.688
140.000 0.715
150.000 0.826
160.000 0.934
170.000 0.791
180.000 0.893
190.000 0.913
200.000 1.078
210.000 1.261
220.000 1.445
230.000 1.332
240.000 2.301
250.000 1.461
260.000 3.371
270.000 2.129
280.000 2.211
290.000 4.281
300.000 4.329
310.000 8.892
320.000 3.004
330.000 9.464
340.000 7.950
350.000 6.144
360.000 5.474
370.000 27.962
380.000 8.967
390.000 9.966
400.000 8.755
410.000 12.042
420.000 17.775
430.000 26.713
440.000 33.039
450.000 49.945
460.000 57.864
470.000 86.621
480.000 90.261
490.000 69.650
500.000 45.296
510.000 35.565
520.000 25.031
530.000 19.431
540.000 17.204
550.000 13.905
560.000 10.234
570.000 9.279
580.000 7.956
590.000 7.737
600.000 6.038
610.000 5.490
620.000 4.814
630.000 4.234
640.000 4.047
650.000 3.574
660.000 3.410
670.000 3.115
680.000 2.920
690.000 2.797
700.000 2.661
710.000 2.484
720.000 2.264
730.000 2.274
740.000 2.240
750.000 2.265
760.000 2.133
770.000 2.083
780.000 2.069
790.000 2.108
800.000 2.102
810.000 2.132
820.000 2.152
830.000 2.206
840.000 2.311
850.000 2.342
860.000 2.655
870.000 2.912
880.000 3.120
890.000 3.813
900.000 5.094
910.000 6.072
920.000 9.541
930.000 11.688
940.000 9.055
950.000 3.525
960.000 2.955
970.000 2.070
980.000 1.918
990.000 1.443
1000.000 1.184
1010.000 1.169
1020.000 1.029
1030.000 0.966
1040.000 0.882
1050.000 0.839
1060.000 0.724
1070.000 0.690
1080.000 0.701
1090.000 0.696
1100.000 0.638
1110.000 0.668
1120.000 0.652
1130.000 0.663
1140.000 0.647
1150.000 0.707
1160.000 0.742
1170.000 0.780
1180.000 0.811
1190.000 0.812
1200.000 0.900
1210.000 0.960
1220.000 1.002
1230.000 1.082
1240.000 1.233
1250.000 1.275
1260.000 1.417
1270.000 1.591
1280.000 1.693
1290.000 1.969
1300.000 2.290
1310.000 2.571
1320.000 2.986
1330.000 3.410
1340.000 4.560
1350.000 6.631
1360.000 7.724
1370.000 13.256
1380.000 17.886
1390.000 22.044
1400.000 10.569
1410.000 8.519
1420.000 6.251
1430.000 5.534
1440.000 4.552
1450.000 4.001
1460.000 3.748
1470.000 3.410
1480.000 3.278
1490.000 3.071
1500.000 2.923
1510.000 2.861
1520.000 2.756
1530.000 2.698
1540.000 2.667
1550.000 2.631
1560.000 2.641
1570.000 2.614
1580.000 2.615
1590.000 2.658
1600.000 2.708
1610.000 2.749
1620.000 2.762
1630.000 2.820
1640.000 2.874
1650.000 2.977
1660.000 3.044
1670.000 3.105
1680.000 3.178
1690.000 3.259
1700.000 3.317
1710.000 3.367
1720.000 3.437
1730.000 3.463
1740.000 3.563
1750.000 3.810
1760.000 3.971
1770.000 4.784
1780.000 5.540
1790.000 7.761
1800.000 11.616
1810.000 14.633
1820.000 23.944
1830.000 30.890
1840.000 44.661
1850.000 37.205
1860.000 29.047
1870.000 21.803
1880.000 19.248
1890.000 15.418
1900.000 13.499
1910.000 12.605
1920.000 11.487
1930.000 10.861
1940.000 10.083
1950.000 9.372
1960.000 8.857
1970.000 8.563
1980.000 8.512
1990.000 8.350
2000.000 8.196
2010.000 7.878
2020.000 7.510
2030.000 7.851
2040.000 7.429
2050.000 7.514
2060.000 7.291
2070.000 7.344
2080.000 7.470
2090.000 7.298
2100.000 7.330
2110.000 7.459
2120.000 7.533
2130.000 7.535
2140.000 7.750
2150.000 7.880
2160.000 8.109
2170.000 8.471
2180.000 8.643
2190.000 9.111
2200.000 9.423
2210.000 10.172
2220.000 11.074
2230.000 11.535
2240.000 12.989
2250.000 13.853
2260.000 16.093
2270.000 19.443
2280.000 21.677
2290.000 27.652
2300.000 31.475
2310.000 38.870
2320.000 38.372
2330.000 33.804
2340.000 24.147
2350.000 20.544
2360.000 15.738
2370.000 12.633
2380.000 11.494
2390.000 9.698
2400.000 9.018
2410.000 7.888
2420.000 7.024
2430.000 6.679
2440.000 6.098
2450.000 5.817
2460.000 5.391
2470.000 5.050
2480.000 4.886
2490.000 4.625
2500.000 4.534
2510.000 4.350
2520.000 4.202
2530.000 4.163
2540.000 4.109
2550.000 4.079
2560.000 4.036
2570.000 3.989
2580.000 3.987
2590.000 4.079
2600.000 4.089
2610.000 4.218
2620.000 4.263
2630.000 4.435
2640.000 4.651
2650.000 4.788
2660.000 5.117
2670.000 5.354
2680.000 5.853
2690.000 6.544
2700.000 7.023
2710.000 8.170
2720.000 8.940
2730.000 11.147
2740.000 14.808
2750.000 17.618
2760.000 26.355
2770.000 31.973
2780.000 34.787
2790.000 19.372
2800.000 15.467
2810.000 10.891
2820.000 9.447
2830.000 7.484
2840.000 6.202
2850.000 5.740
2860.000 5.027
2870.000 4.668
2880.000 4.156
2890.000 3.799
2900.000 3.649
2910.000 3.383
2920.000 3.264
2930.000 3.073
2940.000 2.927
2950.000 2.869
2960.000 2.755
2970.000 2.713
2980.000 2.646
2990.000 2.618
3000.000 2.586
3010.000 2.551
3020.000 2.558
3030.000 2.570
3040.000 2.610
3050.000 2.618
3060.000 2.697
3070.000 2.727
3080.000 2.842
3090.000 2.977
3100.000 3.070
3110.000 3.275
3120.000 3.385
3130.000 3.705
3140.000 4.114
3150.000 4.372
3160.000 5.054
3170.000 5.478
3180.000 6.765
3190.000 8.746
3200.000 10.259
3210.000 15.045
3220.000 18.797
3230.000 27.156
3240.000 19.741
3250.000 13.871
3260.000 9.070
3270.000 7.718
3280.000 5.949
3290.000 4.864
3300.000 4.459
3310.000 3.836
3320.000 3.586
3330.000 3.185
3340.000 2.887
3350.000 2.761
3360.000 2.545
3370.000 2.473
3380.000 2.326
3390.000 2.219
3400.000 2.158
3410.000 2.082
3420.000 2.038
3430.000 1.990
3440.000 1.973
3450.000 1.939
3460.000 1.934
3470.000 1.929
3480.000 1.947
3490.000 1.968
3500.000 1.993
3510.000 2.038
3520.000 2.069
3530.000 2.160
3540.000 2.229
3550.000 2.301
3560.000 2.450
3570.000 2.548
3580.000 2.784
3590.000 3.045
3600.000 3.214
3610.000 3.691
3620.000 3.970
3630.000 4.759
3640.000 5.849
3650.000 6.686
3660.000 9.233
3670.000 11.354
3680.000 17.668
3690.000 22.219
3700.000 18.010
3710.000 9.455
3720.000 7.694
3730.000 5.620
3740.000 4.409
3750.000 3.998
3760.000 3.375
3770.000 3.093
3780.000 2.716
3790.000 2.571
3800.000 2.323
3810.000 2.128
3820.000 2.053
3830.000 1.913
3840.000 1.861
3850.000 1.765
3860.000 1.704
3870.000 1.675
3880.000 1.611
3890.000 1.589
3900.000 1.562
3910.000 1.534
3920.000 1.531
3930.000 1.518
3940.000 1.535
3950.000 1.545
3960.000 1.587
3970.000 1.581
3980.000 1.641
3990.000 1.669
4000.000 1.749
4010.000 1.833
4020.000 1.899
4030.000 2.033
4040.000 1.461
4050.000 2.350
4060.000 2.635
4070.000 2.800
4080.000 3.273
4090.000 3.568
4100.000 4.424
4110.000 5.834
4120.000 6.932
4130.000 10.539
4140.000 13.279
4150.000 17.541
4160.000 10.197
4170.000 7.592
4180.000 5.155
4190.000 4.448
4200.000 3.491
4210.000 2.886
4220.000 2.648
4230.000 2.310
4240.000 2.167
4250.000 1.940
4260.000 1.758
4270.000 1.702
4280.000 1.570
4290.000 1.525
4300.000 1.435
4310.000 1.364
4320.000 1.322
4330.000 1.271
4340.000 1.230
4350.000 1.162
4360.000 1.111
4370.000 1.099
4380.000 1.073
4390.000 1.061
4400.000 1.068
4410.000 1.096
4420.000 1.107
4430.000 1.147
4440.000 1.180
4450.000 1.222
4460.000 1.316
4470.000 1.364
4480.000 1.462
4490.000 1.522
4500.000 1.691
4510.000 1.906
4520.000 2.038
4530.000 2.380
4540.000 2.591
4550.000 3.220
4560.000 4.172
4570.000 4.869
4580.000 7.067
4590.000 8.857
4600.000 13.513
4610.000 13.528
4620.000 10.025
4630.000 6.346
4640.000 5.421
4650.000 4.254
4660.000 3.555
4670.000 3.312
4680.000 2.947
4690.000 2.813
4700.000 2.593
4710.000 2.445
4720.000 2.386
4730.000 2.283
4740.000 2.240
4750.000 2.167
4760.000 2.105
4770.000 2.082
4780.000 2.015
4790.000 1.992
4800.000 1.930
4810.000 1.854
4820.000 1.827
4830.000 1.744
4840.000 1.707
4850.000 1.624
4860.000 1.557
4870.000 1.520
4880.000 1.470
4890.000 1.458
4900.000 1.442
4910.000 1.472
4920.000 1.515
4930.000 1.632
4940.000 1.724
4950.000 1.963
4960.000 2.145
4970.000 2.594
4980.000 3.237
4990.000 3.631
5000.000 4.730
5010.000 5.479
5020.000 7.594
5030.000 11.126
5040.000 13.831
5050.000 22.538
5060.000 28.106
5070.000 32.739
5080.000 21.695
5090.000 18.160
5100.000 13.825
5110.000 12.502
5120.000 10.479
5130.000 9.062
5140.000 8.463
5150.000 7.436
5160.000 6.941
5170.000 6.035
5180.000 5.299
5190.000 5.072
5200.000 4.763
5210.000 4.697
5220.000 4.600
5230.000 4.575
5240.000 4.552
5250.000 4.538
5260.000 4.531
5270.000 4.515
5280.000 4.498
5290.000 4.492
5300.000 4.482
5310.000 4.483
5320.000 4.504
5330.000 4.524
5340.000 4.559
5350.000 4.596
5360.000 4.650
5370.000 4.776
5380.000 4.957
5390.000 5.071
5400.000 5.338
5410.000 5.517
5420.000 5.937
5430.000 6.499
5440.000 6.842
5450.000 7.760
5460.000 8.370
5470.000 9.960
5480.000 12.412
5490.000 14.184
5500.000 19.768
5510.000 24.045
5520.000 35.572
5530.000 36.568
5540.000 27.404
5550.000 15.796
5560.000 13.217
5570.000 9.890
5580.000 7.924
5590.000 7.217
5600.000 6.122
5610.000 5.690
5620.000 5.021
5630.000 4.502
5640.000 4.302
5650.000 3.930
5660.000 3.794
5670.000 3.562
5680.000 3.341
5690.000 3.275
5700.000 3.124
5710.000 3.078
5720.000 2.984
5730.000 2.909
5740.000 2.909
5750.000 2.865
5760.000 2.841
5770.000 2.854
5780.000 2.887
5790.000 2.886
5800.000 2.954
5810.000 2.983
5820.000 3.096
5830.000 3.215
5840.000 3.286
5850.000 3.485
5860.000 3.599
5870.000 3.863
5880.000 4.235
5890.000 4.462
5900.000 5.018
5910.000 5.375
5920.000 6.289
5930.000 7.674
5940.000 8.636
5950.000 11.446
5960.000 13.681
5970.000 20.367
5980.000 28.453
5990.000 28.246
6000.000 16.534
6010.000 13.061
6020.000 9.202
6030.000 7.099
6040.000 6.390
6050.000 5.321
6060.000 4.905
6070.000 4.290
6080.000 3.829
6090.000 3.641
6100.000 3.324
6110.000 3.195
6120.000 2.975
6130.000 2.801
6140.000 2.722
6150.000 2.598
6160.000 2.543
6170.000 2.480
6180.000 2.435
6190.000 2.402
6200.000 2.369
6210.000 2.363
6220.000 2.346
6230.000 2.348
6240.000 2.382
6250.000 2.436
6260.000 2.465
6270.000 2.534
6280.000 2.586
6290.000 2.688
6300.000 2.839
6310.000 2.917
6320.000 3.146
6330.000 3.266
6340.000 3.576
6350.000 3.999
6360.000 4.248
6370.000 4.905
6380.000 5.315
6390.000 6.463
6400.000 8.274
6410.000 9.567
6420.000 13.682
6430.000 16.791
6440.000 24.073
6450.000 21.532
6460.000 15.819
6470.000 10.129
6480.000 8.519
6490.000 6.508
6500.000 5.312
6510.000 4.872
6520.000 4.165
6530.000 3.907
6540.000 3.462
6550.000 3.141
6560.000 3.004
6570.000 2.779
6580.000 2.692
6590.000 2.529
6600.000 2.407
6610.000 2.349
6620.000 2.268
6630.000 2.245
6640.000 2.191
6650.000 2.162
6660.000 2.133
6670.000 2.134
6680.000 2.141
6690.000 2.142
6700.000 2.184
6710.000 2.210
6720.000 2.264
6730.000 2.296
6740.000 2.408
6750.000 2.515
6760.000 2.585
6770.000 2.760
6780.000 2.869
6790.000 3.125
6800.000 3.439
6810.000 3.654
6820.000 4.141
6830.000 4.457
6840.000 5.288
6850.000 6.536
6860.000 7.402
6870.000 10.011
6880.000 12.162
6890.000 17.868
6900.000 22.000
6910.000 19.457
6920.000 11.597
6930.000 9.527
6940.000 7.011
6950.000 5.604
6960.000 5.052
6970.000 4.276
6980.000 3.969
6990.000 3.506
7000.000 3.132
7010.000 2.994
7020.000 2.747
7030.000 2.651
7040.000 2.477
7050.000 2.348
7060.000 2.292
7070.000 2.201
7080.000 2.174
7090.000 2.097
7100.000 2.057
7110.000 2.035
7120.000 2.023
7130.000 2.009
7140.000 2.030
7150.000 2.044
7160.000 2.056
7170.000 2.092
7180.000 2.121
7190.000 2.197
7200.000 2.296
7210.000 2.352
7220.000 2.471
7230.000 2.549
7240.000 2.734
7250.000 2.982
7260.000 3.132
7270.000 3.513
7280.000 3.728
7290.000 4.307
7300.000 5.125
7310.000 5.691
7320.000 7.305
7330.000 8.441
7340.000 12.255
7350.000 14.911
7360.000 20.246
7370.000 16.522
7380.000 12.411
7390.000 8.198
7400.000 7.005
7410.000 5.373
7420.000 4.363
7430.000 3.995
7440.000 3.406
7450.000 3.188
7460.000 2.816
7470.000 2.695
7480.000 2.732
7490.000 2.699
7500.000 2.619
7510.000 2.479
7520.000 2.338
7530.000 2.277
7540.000 2.189
7550.000 2.159
7560.000 2.102
7570.000 2.056
7580.000 2.045
7590.000 2.024
7600.000 2.022
7610.000 2.043
7620.000 2.072
7630.000 2.090
7640.000 2.132
7650.000 2.175
7660.000 2.245
7670.000 2.372
7680.000 2.433
7690.000 2.593
7700.000 2.695
7710.000 2.925
7720.000 3.217
7730.000 3.406
7740.000 3.882
7750.000 4.156
7760.000 4.971
7770.000 6.189
7780.000 7.040
7790.000 9.457
7800.000 11.290
7810.000 16.428
7820.000 19.802
7830.000 17.833
7840.000 10.886
7850.000 8.928
7860.000 6.529
7870.000 5.170
7880.000 4.701
7890.000 3.950
7900.000 3.691
7910.000 3.232
7920.000 2.894
7930.000 2.721
7940.000 2.547
7950.000 2.487
7960.000 2.399
7970.000 2.262
7980.000 2.197
7990.000 2.075
8000.000 2.037
8010.000 1.980
8020.000 1.936
8030.000 1.930
8040.000 1.925
8050.000 1.933
8060.000 1.942
8070.000 1.970
8080.000 1.977
8090.000 2.027
8100.000 2.045
8110.000 2.123
8120.000 2.203
8130.000 2.273
8140.000 2.402
8150.000 2.462
8160.000 2.626
8170.000 2.888
8180.000 3.032
8190.000 3.398
8200.000 3.629
8210.000 4.221
8220.000 5.080
8230.000 5.677
8240.000 7.282
8250.000 8.311
8260.000 10.830
8270.000 14.514
8280.000 16.618
8290.000 14.985
8300.000 11.721
8310.000 7.885
8320.000 5.868
8330.000 5.233
8340.000 4.279
8350.000 3.942
8360.000 3.392
8370.000 3.011
8380.000 2.835
8390.000 2.616
8400.000 2.556
8410.000 2.379
8420.000 2.243
8430.000 2.174
8440.000 2.072
8450.000 2.008
8460.000 1.957
8470.000 1.904
8480.000 1.888
8490.000 1.856
8500.000 1.850
8510.000 1.837
8520.000 1.863
8530.000 1.849
8540.000 1.882
8550.000 1.892
8560.000 1.951
8570.000 1.987
8580.000 2.079
8590.000 2.174
8600.000 2.244
8610.000 2.395
8620.000 2.490
8630.000 2.706
8640.000 2.991
8650.000 3.145
8660.000 3.617
8670.000 3.912
8680.000 4.657
8690.000 5.823
8700.000 6.569
8710.000 8.940
8720.000 10.559
8730.000 14.379
8740.000 14.483
8750.000 12.624
8760.000 9.964
8770.000 8.297
8780.000 6.050
8790.000 4.774
8800.000 4.317
8810.000 3.658
8820.000 3.389
8830.000 2.974
8840.000 2.674
8850.000 2.567
8860.000 2.326
8870.000 2.263
8880.000 2.134
8890.000 2.020
8900.000 1.968
8910.000 1.875
8920.000 1.851
8930.000 1.807
8940.000 1.763
8950.000 1.735
8960.000 1.722
8970.000 1.733
8980.000 1.740
8990.000 1.743
9000.000 1.774
9010.000 1.805
9020.000 1.828
9030.000 1.878
9040.000 1.974
9050.000 2.025
9060.000 2.120
9070.000 2.204
9080.000 2.369
9090.000 2.578
9100.000 2.695
9110.000 3.025
9120.000 3.266
9130.000 3.795
9140.000 4.137
9150.000 5.073
9160.000 6.538
9170.000 7.578
9180.000 10.787
9190.000 12.633
9200.000 14.458
9210.000 10.371
9220.000 8.344
9230.000 5.976
9240.000 5.290
9250.000 4.216
9260.000 3.496
9270.000 3.250
9280.000 2.837
9290.000 2.648
9300.000 2.381
9310.000 2.185
9320.000 2.098
9330.000 1.944
9340.000 1.886
9350.000 1.800
9360.000 1.707
9370.000 1.682
9380.000 1.634
9390.000 1.605
9400.000 1.575
9410.000 1.557
9420.000 1.542
9430.000 1.547
9440.000 1.547
9450.000 1.548
9460.000 1.569
9470.000 1.604
9480.000 1.629
9490.000 1.660
9500.000 1.732
9510.000 1.815
9520.000 1.868
9530.000 2.000
9540.000 2.068
9550.000 2.246
9560.000 2.483
9570.000 2.629
9580.000 3.000
9590.000 3.248
9600.000 3.855
9610.000 4.745
9620.000 5.396
9630.000 7.216
9640.000 8.529
9650.000 11.481
9660.000 11.849
9670.000 10.373
9680.000 7.471
9690.000 5.364
9700.000 4.669
9710.000 3.674
9720.000 3.353
9730.000 2.849
9740.000 2.632
9750.000 2.343
9760.000 2.098
9770.000 2.003
9780.000 1.854
9790.000 1.776
9800.000 1.658
9810.000 1.572
9820.000 1.535
9830.000 1.489
9840.000 1.451
9850.000 1.417
9860.000 1.385
9870.000 1.381
9880.000 1.365
9890.000 1.354
9900.000 1.355
9910.000 1.370
9920.000 1.380
9930.000 1.414
9940.000 1.428
9950.000 1.483
9960.000 1.549
9970.000 1.573
9980.000 1.670
9990.000 1.722
10000.000 1.855
10010.000 2.020
10020.000 2.127
10030.000 2.391
10040.000 2.549
10050.000 2.962
10060.000 3.564
10070.000 3.978
10080.000 5.145
10090.000 5.946
10100.000 8.216
10110.000 10.707
10120.000 11.193
10130.000 8.573
10140.000 6.950
10150.000 4.918
10160.000 3.765
10170.000 3.390
10180.000 2.796
10190.000 2.585
10200.000 2.257
10210.000 2.019
10220.000 1.935
10230.000 1.789
10240.000 1.711
10250.000 1.573
10260.000 1.484
10270.000 1.453
10280.000 1.380
10290.000 1.362
10300.000 1.306
10310.000 1.282
10320.000 1.251
10330.000 1.242
10340.000 1.223
10350.000 1.224
10360.000 1.234
10370.000 1.237
10380.000 1.259
10390.000 1.260
10400.000 1.300
10410.000 1.316
10420.000 1.382
10430.000 1.453
10440.000 1.482
10450.000 1.596
10460.000 1.645
10470.000 1.810
10480.000 2.001
10490.000 2.132
10500.000 2.413
10510.000 2.582
10520.000 3.027
10530.000 3.729
10540.000 4.213
10550.000 5.618
10560.000 6.611
10570.000 8.807
10580.000 9.068
10590.000 7.798
10600.000 5.292
10610.000 4.501
10620.000 3.450
10630.000 2.807
10640.000 2.557
10650.000 2.211
10660.000 2.063
10670.000 1.854
10680.000 1.681
10690.000 1.608
10700.000 1.485
10710.000 1.444
10720.000 1.353
10730.000 1.276
10740.000 1.254
10750.000 1.201
10760.000 1.197
10770.000 1.151
10780.000 1.128
10790.000 1.121
10800.000 1.115
10810.000 1.101
10820.000 1.118
10830.000 1.101
10840.000 1.126
10850.000 1.138
10860.000 1.163
10870.000 1.202
10880.000 1.247
10890.000 1.279
10900.000 1.363
10910.000 1.407
10920.000 1.508
10930.000 1.658
10940.000 1.757
10950.000 1.974
10960.000 2.084
10970.000 2.432
10980.000 2.947
10990.000 3.285
11000.000 4.224
11010.000 4.876
11020.000 6.692
11030.000 8.366
11040.000 8.166
11050.000 5.853
11060.000 4.853
11070.000 3.572
11080.000 2.832
11090.000 2.544
11100.000 2.138
11110.000 1.979
11120.000 1.725
11130.000 1.566
11140.000 1.504
11150.000 1.401
11160.000 1.339
11170.000 1.239
11180.000 1.163
11190.000 1.142
11200.000 1.090
11210.000 1.080
11220.000 1.035
11230.000 1.007
11240.000 0.998
11250.000 0.981
11260.000 0.973
11270.000 0.969
11280.000 0.986
11290.000 0.985
11300.000 1.005
11310.000 1.022
11320.000 1.045
11330.000 1.088
11340.000 1.110
11350.000 1.174
11360.000 1.205
11370.000 1.296
11380.000 1.393
11390.000 1.467
11400.000 1.634
11410.000 1.724
11420.000 1.989
11430.000 2.321
11440.000 2.560
11450.000 3.182
11460.000 3.618
11470.000 4.817
11480.000 6.361
11490.000 6.890
11500.000 6.181
11510.000 5.188
11520.000 3.674
11530.000 3.205
11540.000 2.519
11550.000 2.072
11560.000 1.899
11570.000 1.640
11580.000 1.543
11590.000 1.381
11600.000 1.255
11610.000 1.197
11620.000 1.114
11630.000 1.075
11640.000 1.010
11650.000 0.963
11660.000 0.937
11670.000 0.909
11680.000 0.894
11690.000 0.868
11700.000 0.852
11710.000 0.856
11720.000 0.854
11730.000 0.843
11740.000 0.842
11750.000 0.854
11760.000 0.875
11770.000 0.887
11780.000 0.889
11790.000 0.940
11800.000 0.993
11810.000 1.015
11820.000 1.086
11830.000 1.122
11840.000 1.210
11850.000 1.323
11860.000 1.385
11870.000 1.561
11880.000 1.681
11890.000 1.955
11900.000 2.361
11910.000 2.628
11920.000 3.356
11930.000 3.854
11940.000 5.059
11950.000 5.927
11960.000 5.666
11970.000 4.195
11980.000 3.572
11990.000 2.686
12000.000 2.140
