110.000 0.467
120.000 0.612
130.000 0.470
140.000 0.658
150.000 0.505
160.000 0.720
170.000 0.726
180.000 0.867
190.000 0.951
200.000 1.379
210.000 1.128
220.000 1.435
230.000 1.497
240.000 2.005
250.000 2.040
260.000 2.696
270.000 3.008
280.000 3.660
290.000 4.814
300.000 5.115
310.000 8.101
320.000 10.606
330.000 18.380
340.000 32.332
350.000 34.684
360.000 14.154
370.000 12.775
380.000 12.545
390.000 9.676
400.000 9.851
410.000 7.414
420.000 9.017
430.000 10.193
440.000 8.316
450.000 9.627
460.000 7.845
470.000 9.298
480.000 9.324
490.000 8.770
500.000 8.492
510.000 8.190
520.000 8.158
530.000 8.140
540.000 7.709
550.000 7.480
560.000 7.213
570.000 7.271
580.000 7.253
590.000 7.413
600.000 7.732
610.000 8.506
620.000 9.040
630.000 10.784
640.000 14.588
650.000 18.000
660.000 30.512
670.000 39.583
680.000 30.103
690.000 10.861
700.000 8.460
710.000 5.969
720.000 5.142
730.000 3.890
740.000 3.976
750.000 3.025
760.000 2.425
770.000 2.181
780.000 2.049
790.000 1.777
800.000 1.741
810.000 1.543
820.000 1.480
830.000 1.408
840.000 1.333
850.000 1.276
860.000 1.224
870.000 1.240
880.000 1.210
890.000 1.239
900.000 1.225
910.000 1.240
920.000 1.333
930.000 1.504
940.000 1.922
950.000 1.805
960.000 2.120
970.000 2.674
980.000 4.046
990.000 7.703
1000.000 8.650
1010.000 2.967
1020.000 2.456
1030.000 1.732
1040.000 1.998
1050.000 1.446
1060.000 0.953
1070.000 0.959
1080.000 0.856
1090.000 0.784
1100.000 0.788
1110.000 0.690
1120.000 0.663
1130.000 0.672
1140.000 0.685
1150.000 0.693
1160.000 0.733
1170.000 0.754
1180.000 0.819
1190.000 2.615
1200.000 0.957
1210.000 1.054
1220.000 1.090
1230.000 1.238
1240.000 1.353
1250.000 1.617
1260.000 1.992
1270.000 2.275
1280.000 3.125
1290.000 4.488
1300.000 5.736
1310.000 10.290
1320.000 13.832
1330.000 12.491
1340.000 6.691
1350.000 4.569
1360.000 3.454
1370.000 3.212
1380.000 2.744
1390.000 2.576
1400.000 2.309
1410.000 2.133
1420.000 2.107
1430.000 2.018
1440.000 1.999
1450.000 1.976
1460.000 1.979
1470.000 1.980
1480.000 2.041
1490.000 2.091
1500.000 2.172
1510.000 2.299
1520.000 2.368
1530.000 2.636
1540.000 2.751
1550.000 3.071
1560.000 3.498
1570.000 4.092
1580.000 4.450
1590.000 4.983
1600.000 6.202
1610.000 8.496
1620.000 10.086
1630.000 15.631
1640.000 22.874
1650.000 23.741
1660.000 14.404
1670.000 11.114
1680.000 7.627
1690.000 6.775
1700.000 5.265
1710.000 4.286
1720.000 3.924
1730.000 3.269
1740.000 3.028
1750.000 2.622
1760.000 2.414
1770.000 2.332
1780.000 2.502
1790.000 2.639
1800.000 2.976
1810.000 3.471
1820.000 3.718
1830.000 4.256
1840.000 4.561
1850.000 5.170
1860.000 5.968
1870.000 6.363
1880.000 7.394
1890.000 7.869
1900.000 9.392
1910.000 11.350
1920.000 12.779
1930.000 16.195
1940.000 18.582
1950.000 25.123
1960.000 34.240
1970.000 37.747
1980.000 36.834
1990.000 31.963
2000.000 23.080
2010.000 17.857
2020.000 16.061
2030.000 13.438
2040.000 12.438
2050.000 10.868
2060.000 9.801
2070.000 9.397
2080.000 8.655
2090.000 8.333
2100.000 7.857
2110.000 7.508
2120.000 7.376
2130.000 7.198
2140.000 7.052
2150.000 7.035
2160.000 7.053
2170.000 7.086
2180.000 7.220
2190.000 7.317
2200.000 7.644
2210.000 8.102
2220.000 8.427
2230.000 9.173
2240.000 10.272
2250.000 10.986
2260.000 13.047
2270.000 14.380
2280.000 18.290
2290.000 21.104
2300.000 28.163
2310.000 35.289
2320.000 34.100
2330.000 23.374
2340.000 19.079
2350.000 13.775
2360.000 10.666
2370.000 9.474
2380.000 7.924
2390.000 7.364
2400.000 6.463
2410.000 6.102
2420.000 5.580
2430.000 5.137
2440.000 4.863
2450.000 4.715
2460.000 4.623
2470.000 4.496
2480.000 4.403
2490.000 4.402
2500.000 4.422
2510.000 4.457
2520.000 4.601
2530.000 4.804
2540.000 4.963
2550.000 5.372
2560.000 5.961
2570.000 6.329
2580.000 7.352
2590.000 8.078
2600.000 10.179
2610.000 11.728
2620.000 16.677
2630.000 25.706
2640.000 30.408
2650.000 25.980
2660.000 17.955
2670.000 11.324
2680.000 8.239
2690.000 7.306
2700.000 5.909
2710.000 5.437
2720.000 4.699
2730.000 4.182
2740.000 3.978
2750.000 3.634
2760.000 3.525
2770.000 3.316
2780.000 3.169
2790.000 3.130
2800.000 3.063
2810.000 3.034
2820.000 3.043
2830.000 3.093
2840.000 3.131
2850.000 3.274
2860.000 3.348
2870.000 3.596
2880.000 3.930
2890.000 4.161
2900.000 4.767
2910.000 5.153
2920.000 6.281
2930.000 8.179
2940.000 9.637
2950.000 14.507
2960.000 18.339
2970.000 25.548
2980.000 21.991
2990.000 10.862
3000.000 7.323
3010.000 5.508
3020.000 4.927
3030.000 4.462
3040.000 3.789
3050.000 3.311
3060.000 3.145
3070.000 2.864
3080.000 2.741
3090.000 2.581
3100.000 2.450
3110.000 2.373
3120.000 2.353
3130.000 2.328
3140.000 2.316
3150.000 2.339
3160.000 2.406
3170.000 2.472
3180.000 2.518
3190.000 2.671
3200.000 2.871
3210.000 3.030
3220.000 3.404
3230.000 3.643
3240.000 4.322
3250.000 5.427
3260.000 6.229
3270.000 8.795
3280.000 10.914
3290.000 17.407
3300.000 19.618
3310.000 13.859
3320.000 7.565
3330.000 6.265
3340.000 4.674
3350.000 3.759
3360.000 3.421
3370.000 2.956
3380.000 2.774
3390.000 2.493
3400.000 2.282
3410.000 2.206
3420.000 2.090
3430.000 2.051
3440.000 1.972
3450.000 1.938
3460.000 1.946
3470.000 1.942
3480.000 1.948
3490.000 1.993
3500.000 2.085
3510.000 2.212
3520.000 2.302
3530.000 2.505
3540.000 2.638
3550.000 2.991
3560.000 3.260
3570.000 3.948
3580.000 4.419
3590.000 5.910
3600.000 8.697
3610.000 10.977
3620.000 16.892
3630.000 17.489
3640.000 8.852
3650.000 5.623
3660.000 4.771
3670.000 3.669
3680.000 3.302
3690.000 2.762
3700.000 2.420
3710.000 2.284
3720.000 2.048
3730.000 1.912
3740.000 1.850
3750.000 1.755
3760.000 1.711
3770.000 1.687
3780.000 1.650
3790.000 1.645
3800.000 1.658
3810.000 1.668
3820.000 1.717
3830.000 1.755
3840.000 1.859
3850.000 1.986
3860.000 2.072
3870.000 2.312
3880.000 2.467
3890.000 2.896
3900.000 3.565
3910.000 4.047
3920.000 5.534
3930.000 6.726
3940.000 10.725
3950.000 14.746
3960.000 12.820
3970.000 6.271
3980.000 5.089
3990.000 3.660
4000.000 2.880
4010.000 2.623
4020.000 2.216
4030.000 2.061
4040.000 1.845
4050.000 1.648
4060.000 1.617
4070.000 1.518
4080.000 1.481
4090.000 1.420
4100.000 1.383
4110.000 1.353
4120.000 1.365
4130.000 1.362
4140.000 1.400
4150.000 1.438
4160.000 1.471
4170.000 1.588
4180.000 1.634
4190.000 1.792
4200.000 1.906
4210.000 2.153
4220.000 2.564
4230.000 2.865
4240.000 3.685
4250.000 4.346
4260.000 6.493
4270.000 10.304
4280.000 12.066
4290.000 8.374
4300.000 5.681
4310.000 3.765
4320.000 2.802
4330.000 2.481
4340.000 2.028
4350.000 1.851
4360.000 1.575
4370.000 1.382
4380.000 1.293
4390.000 1.187
4400.000 1.154
4410.000 1.100
4420.000 1.063
4430.000 1.065
4440.000 1.058
4450.000 1.076
4460.000 1.089
4470.000 1.128
4480.000 1.161
4490.000 1.229
4500.000 1.299
4510.000 1.394
4520.000 1.581
4530.000 1.691
4540.000 1.994
4550.000 2.191
4560.000 2.773
4570.000 3.743
4580.000 4.514
4590.000 7.003
4600.000 8.866
4610.000 11.162
4620.000 6.490
4630.000 5.139
4640.000 3.716
4650.000 3.291
4660.000 2.725
4670.000 2.395
4680.000 2.261
4690.000 2.095
4700.000 2.018
4710.000 1.928
4720.000 1.887
4730.000 1.858
4740.000 1.849
4750.000 1.845
4760.000 1.865
4770.000 1.890
4780.000 1.908
4790.000 1.938
4800.000 1.953
4810.000 2.003
4820.000 2.067
4830.000 2.104
4840.000 2.192
4850.000 2.244
4860.000 2.418
4870.000 2.666
4880.000 2.860
4890.000 3.418
4900.000 3.860
4910.000 5.353
4920.000 8.227
4930.000 10.079
4940.000 10.336
4950.000 5.835
4960.000 4.894
4970.000 3.875
4980.000 3.591
4990.000 3.218
5000.000 3.126
5010.000 3.009
5020.000 2.965
5030.000 2.978
5040.000 3.013
5050.000 3.073
5060.000 3.177
5070.000 3.345
5080.000 3.417
5090.000 3.604
5100.000 3.705
5110.000 3.952
5120.000 4.223
5130.000 4.359
5140.000 4.689
5150.000 4.855
5160.000 5.209
5170.000 5.538
5180.000 5.708
5190.000 6.194
5200.000 6.629
5210.000 8.004
5220.000 10.497
5230.000 12.299
5240.000 18.038
5250.000 22.497
5260.000 33.191
5270.000 30.770
5280.000 22.749
5290.000 14.628
5300.000 12.423
5310.000 9.548
5320.000 7.757
5330.000 7.116
5340.000 6.080
5350.000 5.703
5360.000 5.095
5370.000 4.671
5380.000 4.497
5390.000 4.214
5400.000 4.101
5410.000 3.942
5420.000 3.881
5430.000 3.824
5440.000 3.788
5450.000 3.803
5460.000 3.883
5470.000 3.951
5480.000 4.125
5490.000 4.385
5500.000 4.570
5510.000 5.037
5520.000 5.334
5530.000 6.165
5540.000 7.473
5550.000 8.379
5560.000 11.193
5570.000 13.378
5580.000 20.268
5590.000 27.512
5600.000 25.517
5610.000 13.793
5620.000 11.031
5630.000 7.885
5640.000 6.162
5650.000 5.571
5660.000 4.703
5670.000 4.400
5680.000 3.878
5690.000 3.525
5700.000 3.379
5710.000 3.173
5720.000 3.076
5730.000 2.936
5740.000 2.870
5750.000 2.840
5760.000 2.835
5770.000 2.842
5780.000 2.881
5790.000 2.972
5800.000 3.041
5810.000 3.231
5820.000 3.330
5830.000 3.629
5840.000 4.060
5850.000 4.349
5860.000 5.073
5870.000 5.588
5880.000 7.096
5890.000 9.698
5900.000 11.731
5910.000 17.860
5920.000 21.080
5930.000 18.186
5940.000 9.821
5950.000 8.070
5960.000 5.987
5970.000 5.294
5980.000 4.368
5990.000 3.736
6000.000 3.505
6010.000 3.146
6020.000 2.995
6030.000 2.769
6040.000 2.632
6050.000 2.550
6060.000 2.481
6070.000 2.468
6080.000 2.426
6090.000 2.450
6100.000 2.467
6110.000 2.519
6120.000 2.560
6130.000 2.702
6140.000 2.877
6150.000 2.993
6160.000 3.305
6170.000 3.509
6180.000 4.023
6190.000 4.828
6200.000 5.338
6210.000 6.980
6220.000 8.192
6230.000 12.082
6240.000 17.915
6250.000 19.464
6260.000 12.643
6270.000 9.600
6280.000 6.581
6290.000 5.026
6300.000 4.527
6310.000 3.768
6320.000 3.500
6330.000 3.090
6340.000 2.783
6350.000 2.681
6360.000 2.493
6370.000 2.424
6380.000 2.337
6390.000 2.253
6400.000 2.226
6410.000 2.234
6420.000 2.236
6430.000 2.284
6440.000 2.344
6450.000 2.395
6460.000 2.536
6470.000 2.616
6480.000 2.840
6490.000 3.156
6500.000 3.350
6510.000 3.889
6520.000 4.268
6530.000 5.365
6540.000 6.141
6550.000 8.526
6560.000 12.781
6570.000 17.786
6580.000 17.402
6590.000 13.719
6600.000 7.977
6610.000 5.693
6620.000 4.994
6630.000 4.050
6640.000 3.692
6650.000 3.193
6660.000 2.840
6670.000 2.707
6680.000 2.508
6690.000 2.426
6700.000 2.297
6710.000 2.211
6720.000 2.173
6730.000 2.137
6740.000 2.141
6750.000 2.142
6760.000 2.190
6770.000 2.217
6780.000 2.317
6790.000 2.372
6800.000 2.542
6810.000 2.783
6820.000 2.936
6830.000 3.348
6840.000 3.601
6850.000 4.329
6860.000 5.491
6870.000 6.351
6880.000 8.956
6890.000 10.959
6900.000 15.471
6910.000 13.593
6920.000 10.115
6930.000 6.567
6940.000 5.530
6950.000 4.288
6960.000 3.525
6970.000 3.265
6980.000 2.863
6990.000 2.703
7000.000 2.470
7010.000 2.291
7020.000 2.230
7030.000 2.116
7040.000 2.089
7050.000 2.041
7060.000 2.013
7070.000 2.010
7080.000 2.033
7090.000 2.046
7100.000 2.110
7110.000 2.225
7120.000 2.295
7130.000 2.480
7140.000 2.598
7150.000 2.897
7160.000 3.335
7170.000 3.636
7180.000 4.429
7190.000 4.990
7200.000 6.690
7210.000 9.700
7220.000 11.643
7230.000 15.641
7240.000 14.938
7250.000 8.790
7260.000 5.905
7270.000 5.062
7280.000 4.002
7290.000 3.626
7300.000 3.079
7310.000 2.703
7320.000 2.565
7330.000 2.337
7340.000 2.246
7350.000 2.106
7360.000 2.027
7370.000 2.001
7380.000 1.941
7390.000 1.924
7400.000 1.915
7410.000 1.938
7420.000 1.946
7430.000 2.013
7440.000 2.053
7450.000 2.145
7460.000 2.303
7470.000 2.442
7480.000 3.000
7490.000 3.355
7500.000 4.053
7510.000 4.953
7520.000 5.587
7530.000 7.528
7540.000 9.005
7550.000 13.183
7560.000 15.516
7570.000 13.114
7580.000 7.642
7590.000 6.316
7600.000 4.718
7610.000 3.789
7620.000 3.469
7630.000 2.996
7640.000 2.802
7650.000 2.522
7660.000 2.332
7670.000 2.238
7680.000 2.115
7690.000 2.057
7700.000 1.985
7710.000 1.947
7720.000 1.947
7730.000 1.959
7740.000 1.976
7750.000 2.019
7760.000 2.061
7770.000 2.159
7780.000 2.312
7790.000 2.418
7800.000 2.678
7810.000 2.837
7820.000 3.257
7830.000 3.892
7840.000 4.333
7850.000 5.610
7860.000 6.529
7870.000 9.415
7880.000 13.311
7890.000 14.078
7900.000 9.582
7910.000 7.394
7920.000 5.062
7930.000 4.018
7940.000 3.786
7950.000 3.237
7960.000 2.997
7970.000 2.669
7980.000 2.414
7990.000 2.295
8000.000 2.103
8010.000 2.047
8020.000 1.962
8030.000 1.895
8040.000 1.894
8050.000 1.898
8060.000 1.919
8070.000 1.947
8080.000 1.986
8090.000 2.049
8100.000 2.177
8110.000 2.248
8120.000 2.419
8130.000 2.701
8140.000 2.884
8150.000 3.329
8160.000 3.933
8170.000 4.216
8180.000 5.338
8190.000 6.310
8200.000 9.176
8210.000 11.116
8220.000 13.510
8230.000 9.217
8240.000 7.259
8250.000 5.109
8260.000 4.031
8270.000 3.620
8280.000 3.052
8290.000 2.847
8300.000 2.525
8310.000 2.397
8320.000 2.193
8330.000 2.073
8340.000 2.023
8350.000 1.973
8360.000 1.931
8370.000 1.829
8380.000 1.838
8390.000 1.840
8400.000 1.866
8410.000 1.897
8420.000 1.975
8430.000 2.094
8440.000 2.162
8450.000 2.355
8460.000 2.615
8470.000 2.808
8480.000 3.339
8490.000 3.688
8500.000 4.593
8510.000 5.237
8520.000 7.180
8530.000 10.322
8540.000 11.922
8550.000 11.352
8560.000 6.849
8570.000 5.566
8580.000 4.185
8590.000 3.933
8600.000 3.439
8610.000 3.134
8620.000 2.693
8630.000 2.388
8640.000 2.273
8650.000 2.090
8660.000 2.027
8670.000 1.918
8680.000 1.857
8690.000 1.820
8700.000 1.793
8710.000 1.801
8720.000 1.822
8730.000 1.837
8740.000 1.871
8750.000 1.944
8760.000 2.015
8770.000 2.165
8780.000 2.355
8790.000 2.468
8800.000 2.813
8810.000 3.032
8820.000 3.664
8830.000 4.625
8840.000 5.324
8850.000 7.319
8860.000 8.702
8870.000 11.632
8880.000 10.512
8890.000 8.223
8900.000 5.473
8910.000 4.608
8920.000 3.601
8930.000 3.251
8940.000 2.762
8950.000 2.423
8960.000 2.297
8970.000 2.084
8980.000 1.997
8990.000 1.867
9000.000 1.788
9010.000 1.721
9020.000 1.712
9030.000 1.690
9040.000 1.706
9050.000 1.710
9060.000 1.747
9070.000 1.795
9080.000 1.887
9090.000 1.951
9100.000 2.098
9110.000 2.310
9120.000 2.456
9130.000 2.841
9140.000 3.082
9150.000 3.751
9160.000 4.851
9170.000 5.640
9180.000 6.682
9190.000 9.337
9200.000 10.795
9210.000 9.586
9220.000 6.093
9230.000 5.084
9240.000 3.793
9250.000 3.056
9260.000 2.791
9270.000 2.412
9280.000 2.234
9290.000 2.020
9300.000 1.845
9310.000 1.784
9320.000 1.692
9330.000 1.651
9340.000 1.610
9350.000 1.552
9360.000 1.542
9370.000 1.538
9380.000 1.562
9390.000 1.585
9400.000 1.646
9410.000 1.698
9420.000 1.784
9430.000 1.861
9440.000 2.042
9450.000 2.283
9460.000 2.442
9470.000 2.878
9480.000 3.169
9490.000 4.012
9500.000 5.444
9510.000 6.384
9520.000 8.869
9530.000 9.804
9540.000 8.378
9550.000 6.589
9560.000 4.460
9570.000 3.403
9580.000 3.048
9590.000 2.521
9600.000 2.329
9610.000 2.036
9620.000 1.841
9630.000 1.761
9640.000 1.625
9650.000 1.589
9660.000 1.508
9670.000 1.459
9680.000 1.437
9690.000 1.416
9700.000 1.415
9710.000 1.447
9720.000 1.493
9730.000 1.519
9740.000 1.593
9750.000 1.651
9760.000 1.782
9770.000 1.951
9780.000 2.074
9790.000 2.375
9800.000 2.579
9810.000 3.124
9820.000 4.024
9830.000 4.678
9840.000 6.544
9850.000 8.719
9860.000 8.969
9870.000 6.447
9880.000 4.354
9890.000 3.731
9900.000 3.232
9910.000 2.584
9920.000 2.171
9930.000 2.030
9940.000 1.789
9950.000 1.620
9960.000 1.560
9970.000 1.459
9980.000 1.422
9990.000 1.367
10000.000 1.329
10010.000 1.324
10020.000 1.302
10030.000 1.309
10040.000 1.335
10050.000 1.377
10060.000 1.419
10070.000 1.512
10080.000 1.566
10090.000 1.693
10100.000 1.753
10110.000 1.940
10120.000 2.258
10130.000 2.458
10140.000 3.046
10150.000 3.461
10160.000 4.605
10170.000 6.467
10180.000 7.491
10190.000 7.811
10200.000 5.248
10210.000 4.300
10220.000 3.175
10230.000 2.787
10240.000 2.289
10250.000 2.088
10260.000 1.827
10270.000 1.632
10280.000 1.558
10290.000 1.446
10300.000 1.401
10310.000 1.282
10320.000 1.231
10330.000 1.212
10340.000 1.198
10350.000 1.189
10360.000 1.184
10370.000 1.209
10380.000 1.268
10390.000 1.287
10400.000 1.335
10410.000 1.420
10420.000 1.545
10430.000 1.630
10440.000 1.837
10450.000 1.987
10460.000 2.354
10470.000 2.941
10480.000 3.337
10490.000 4.409
10500.000 5.093
10510.000 6.237
10520.000 6.268
10530.000 5.420
10540.000 3.681
10550.000 3.119
10560.000 2.430
10570.000 1.982
10580.000 1.831
10590.000 1.593
10600.000 1.492
10610.000 1.355
10620.000 1.257
10630.000 1.222
10640.000 1.163
10650.000 1.155
10660.000 1.124
10670.000 1.115
10680.000 1.110
10690.000 1.136
10700.000 1.147
10710.000 1.182
10720.000 1.248
10730.000 1.274
10740.000 1.392
10750.000 1.451
10760.000 1.609
10770.000 1.715
10780.000 1.972
10790.000 2.368
10800.000 2.646
10810.000 3.433
10820.000 3.997
10830.000 5.478
10840.000 6.628
10850.000 6.283
10860.000 4.306
10870.000 3.556
10880.000 2.653
10890.000 2.103
10900.000 1.924
10910.000 1.623
10920.000 1.519
10930.000 1.343
10940.000 1.219
10950.000 1.193
10960.000 1.134
10970.000 1.119
10980.000 1.084
10990.000 1.053
11000.000 1.045
11010.000 1.037
11020.000 1.040
11030.000 1.058
11040.000 1.091
11050.000 1.117
11060.000 1.173
11070.000 1.272
11080.000 1.333
11090.000 1.480
11100.000 1.583
11110.000 1.860
11120.000 2.023
11130.000 2.586
11140.000 3.370
11150.000 3.931
11160.000 5.212
11170.000 5.570
11180.000 4.789
11190.000 3.619
11200.000 3.124
11210.000 2.406
11220.000 2.129
11230.000 1.737
11240.000 1.486
11250.000 1.405
11260.000 1.248
11270.000 1.201
11280.000 1.119
11290.000 1.046
11300.000 1.015
11310.000 0.988
11320.000 0.979
11330.000 0.953
11340.000 0.970
11350.000 0.987
11360.000 1.007
11370.000 1.027
11380.000 1.065
11390.000 1.150
11400.000 1.193
11410.000 1.324
11420.000 1.371
11430.000 1.552
11440.000 1.854
11450.000 2.055
11460.000 2.616
11470.000 3.001
11480.000 4.068
11490.000 5.112
11500.000 5.155
11510.000 3.871
11520.000 3.206
11530.000 2.357
11540.000 1.837
11550.000 1.675
11560.000 1.429
11570.000 1.248
11580.000 1.181
11590.000 1.068
11600.000 1.030
11610.000 0.972
11620.000 0.931
11630.000 0.906
11640.000 0.875
11650.000 0.851
11660.000 0.841
11670.000 0.822
11680.000 0.841
11690.000 0.876
11700.000 0.892
11710.000 0.943
11720.000 0.971
11730.000 1.059
11740.000 1.169
11750.000 1.243
11760.000 1.436
11770.000 1.706
11780.000 1.898
11790.000 2.423
11800.000 2.781
11810.000 3.835
11820.000 4.340
11830.000 4.508
11840.000 3.270
11850.000 2.743
11860.000 2.036
11870.000 1.796
11880.000 1.463
11890.000 1.343
11900.000 1.162
11910.000 1.044
11920.000 0.995
11930.000 0.915
11940.000 0.877
11950.000 0.846
11960.000 0.805
11970.000 0.805
11980.000 0.795
11990.000 0.783
12000.000 0.784
