110.000 1.445
120.000 0.633
130.000 0.863
140.000 0.737
150.000 0.770
160.000 0.733
170.000 1.311
180.000 1.170
190.000 1.084
200.000 1.041
210.000 2.391
220.000 2.812
230.000 1.546
240.000 2.081
250.000 2.368
260.000 6.952
270.000 6.521
280.000 7.116
290.000 12.941
300.000 21.257
310.000 19.414
320.000 8.109
330.000 7.560
340.000 6.837
350.000 6.179
360.000 39.782
370.000 83.689
380.000 16.701
390.000 12.566
400.000 6.532
410.000 6.287
420.000 6.374
430.000 6.384
440.000 7.129
450.000 7.430
460.000 8.702
470.000 8.609
480.000 8.612
490.000 9.893
500.000 10.631
510.000 11.055
520.000 11.928
530.000 13.260
540.000 15.060
550.000 16.672
560.000 21.775
570.000 26.071
580.000 43.387
590.000 60.674
600.000 42.557
610.000 15.330
620.000 11.909
630.000 8.072
640.000 5.938
650.000 5.156
660.000 4.080
670.000 3.858
680.000 3.431
690.000 2.992
700.000 2.746
710.000 2.528
720.000 2.388
730.000 2.281
740.000 2.144
750.000 2.147
760.000 2.078
770.000 2.082
780.000 2.124
790.000 2.227
800.000 2.331
810.000 2.525
820.000 2.646
830.000 3.239
840.000 4.174
850.000 5.068
860.000 8.281
870.000 11.013
880.000 11.808
890.000 3.118
900.000 2.845
910.000 1.848
920.000 1.635
930.000 1.201
940.000 0.945
950.000 0.844
960.000 0.748
970.000 0.762
980.000 0.721
990.000 0.678
1000.000 0.689
1010.000 0.652
1020.000 0.619
1030.000 0.632
1040.000 0.661
1050.000 0.670
1060.000 0.703
1070.000 0.722
1080.000 0.806
1090.000 0.984
1100.000 1.008
1110.000 1.388
1120.000 1.525
1130.000 2.213
1140.000 3.855
1150.000 5.426
1160.000 8.316
1170.000 6.179
1180.000 2.727
1190.000 1.970
1200.000 1.772
1210.000 1.484
1220.000 1.365
1230.000 1.256
1240.000 1.196
1250.000 1.160
1260.000 1.146
1270.000 1.183
1280.000 1.158
1290.000 1.201
1300.000 1.201
1310.000 1.272
1320.000 1.323
1330.000 1.407
1340.000 1.614
1350.000 1.694
1360.000 1.938
1370.000 2.107
1380.000 2.505
1390.000 3.195
1400.000 3.732
1410.000 5.298
1420.000 6.551
1430.000 11.227
1440.000 18.319
1450.000 17.808
1460.000 7.796
1470.000 6.245
1480.000 4.661
1490.000 3.846
1500.000 3.590
1510.000 3.111
1520.000 2.950
1530.000 2.765
1540.000 2.697
1550.000 2.584
1560.000 2.574
1570.000 2.567
1580.000 2.592
1590.000 2.612
1600.000 2.732
1610.000 2.866
1620.000 3.004
1630.000 3.249
1640.000 3.409
1650.000 3.808
1660.000 4.333
1670.000 4.733
1680.000 5.716
1690.000 6.424
1700.000 8.420
1710.000 11.666
1720.000 13.954
1730.000 16.893
1740.000 14.871
1750.000 8.132
1760.000 5.516
1770.000 4.902
1780.000 4.341
1790.000 4.306
1800.000 4.309
1810.000 4.410
1820.000 4.498
1830.000 4.650
1840.000 4.751
1850.000 4.939
1860.000 5.166
1870.000 5.281
1880.000 5.706
1890.000 5.805
1900.000 6.255
1910.000 6.876
1920.000 7.214
1930.000 8.314
1940.000 8.809
1950.000 10.356
1960.000 12.224
1970.000 13.683
1980.000 17.521
1990.000 20.213
2000.000 27.407
2010.000 34.687
2020.000 35.690
2030.000 28.811
2040.000 24.185
2050.000 17.965
2060.000 14.345
2070.000 12.932
2080.000 10.968
2090.000 10.320
2100.000 9.182
2110.000 8.283
2120.000 7.997
2130.000 7.520
2140.000 7.334
2150.000 7.076
2160.000 6.918
2170.000 6.900
2180.000 6.887
2190.000 6.967
2200.000 7.178
2210.000 7.496
2220.000 7.742
2230.000 8.406
2240.000 8.825
2250.000 10.056
2260.000 11.869
2270.000 13.131
2280.000 16.926
2290.000 19.678
2300.000 27.244
2310.000 33.127
2320.000 30.834
2330.000 19.773
2340.000 16.124
2350.000 11.676
2360.000 9.202
2370.000 8.323
2380.000 7.042
2390.000 6.552
2400.000 5.820
2410.000 5.304
2420.000 5.112
2430.000 4.812
2440.000 4.709
2450.000 4.566
2460.000 4.509
2470.000 4.525
2480.000 4.589
2490.000 4.668
2500.000 4.877
2510.000 5.263
2520.000 5.506
2530.000 6.197
2540.000 6.676
2550.000 8.005
2560.000 10.279
2570.000 11.982
2580.000 17.632
2590.000 21.929
2600.000 29.605
2610.000 18.771
2620.000 13.787
2630.000 9.256
2640.000 7.955
2650.000 6.231
2660.000 5.179
2670.000 4.792
2680.000 4.231
2690.000 4.004
2700.000 3.654
2710.000 3.565
2720.000 3.357
2730.000 3.252
2740.000 3.244
2750.000 3.220
2760.000 3.238
2770.000 3.311
2780.000 3.466
2790.000 3.573
2800.000 3.903
2810.000 4.074
2820.000 4.652
2830.000 5.519
2840.000 6.141
2850.000 8.063
2860.000 9.566
2870.000 14.739
2880.000 22.799
2890.000 24.141
2900.000 12.587
2910.000 9.731
2920.000 6.637
2930.000 5.093
2940.000 4.588
2950.000 3.850
2960.000 3.599
2970.000 3.190
2980.000 2.921
2990.000 2.810
3000.000 2.637
3010.000 2.584
3020.000 2.534
3030.000 2.488
3040.000 2.505
3050.000 2.547
3060.000 2.598
3070.000 2.749
3080.000 2.936
3090.000 3.082
3100.000 3.487
3110.000 3.746
3120.000 4.479
3130.000 5.690
3140.000 6.648
3150.000 9.784
3160.000 12.369
3170.000 18.940
3180.000 15.277
3190.000 9.779
3200.000 6.273
3210.000 5.310
3220.000 4.105
3230.000 3.376
3240.000 3.117
3250.000 2.726
3260.000 2.584
3270.000 2.377
3280.000 2.220
3290.000 2.177
3300.000 2.097
3310.000 2.091
3320.000 2.064
3330.000 2.099
3340.000 2.125
3350.000 2.232
3360.000 2.288
3370.000 2.492
3380.000 2.785
3390.000 2.971
3400.000 3.511
3410.000 3.881
3420.000 5.010
3430.000 7.062
3440.000 8.773
3450.000 14.305
3460.000 16.903
3470.000 11.340
3480.000 6.170
3490.000 5.125
3500.000 3.839
3510.000 3.427
3520.000 2.863
3530.000 2.472
3540.000 2.342
3550.000 2.127
3560.000 2.044
3570.000 1.928
3580.000 1.857
3590.000 1.836
3600.000 1.809
3610.000 1.818
3620.000 1.849
3630.000 1.911
3640.000 1.955
3650.000 2.101
3660.000 2.208
3670.000 2.450
3680.000 2.848
3690.000 3.121
3700.000 3.898
3710.000 4.467
3720.000 6.373
3730.000 10.106
3740.000 12.722
3750.000 13.590
3760.000 9.175
3770.000 5.187
3780.000 3.715
3790.000 3.257
3800.000 2.663
3810.000 2.446
3820.000 2.142
3830.000 1.907
3840.000 1.817
3850.000 1.694
3860.000 1.650
3870.000 1.600
3880.000 1.564
3890.000 1.553
3900.000 1.553
3910.000 1.597
3920.000 1.652
3930.000 1.687
3940.000 1.832
3950.000 2.001
3960.000 2.136
3970.000 2.472
3980.000 2.715
3990.000 3.403
4000.000 4.668
4010.000 5.643
4020.000 8.994
4030.000 11.141
4040.000 10.772
4050.000 5.247
4060.000 4.208
4070.000 3.056
4080.000 2.695
4090.000 2.206
4100.000 1.892
4110.000 1.769
4120.000 1.590
4130.000 1.527
4140.000 1.427
4150.000 1.356
4160.000 1.342
4170.000 1.315
4180.000 1.314
4190.000 1.325
4200.000 1.366
4210.000 1.398
4220.000 1.487
4230.000 1.554
4240.000 1.706
4250.000 1.961
4260.000 2.130
4270.000 2.600
4280.000 2.960
4290.000 4.052
4300.000 6.185
4310.000 7.796
4320.000 10.408
4330.000 8.814
4340.000 4.294
4350.000 2.813
4360.000 2.394
4370.000 1.856
4380.000 1.678
4390.000 1.442
4400.000 1.282
4410.000 1.233
4420.000 1.151
4430.000 1.108
4440.000 1.089
4450.000 1.075
4460.000 1.076
4470.000 1.085
4480.000 1.094
4490.000 1.163
4500.000 1.231
4510.000 1.290
4520.000 1.442
4530.000 1.535
4540.000 1.806
4550.000 2.223
4560.000 2.516
4570.000 3.424
4580.000 4.138
4590.000 6.500
4600.000 9.694
4610.000 9.756
4620.000 5.489
4630.000 4.415
4640.000 3.218
4650.000 2.609
4660.000 2.408
4670.000 2.124
4680.000 2.030
4690.000 1.887
4700.000 1.816
4710.000 1.787
4720.000 1.764
4730.000 1.758
4740.000 1.781
4750.000 1.842
4760.000 1.870
4770.000 1.939
4780.000 2.005
4790.000 2.121
4800.000 2.263
4810.000 2.366
4820.000 2.612
4830.000 2.762
4840.000 3.186
4850.000 3.855
4860.000 4.346
4870.000 6.001
4880.000 7.310
4890.000 10.285
4900.000 7.762
4910.000 5.281
4920.000 3.440
4930.000 2.958
4940.000 2.396
4950.000 2.119
4960.000 2.037
4970.000 1.970
4980.000 1.958
4990.000 1.993
5000.000 2.108
5010.000 2.155
5020.000 2.327
5030.000 2.408
5040.000 2.686
5050.000 2.969
5060.000 3.160
5070.000 3.563
5080.000 3.838
5090.000 4.450
5100.000 4.840
5110.000 5.765
5120.000 7.048
5130.000 7.909
5140.000 10.271
5150.000 11.965
5160.000 17.110
5170.000 25.309
5180.000 28.687
5190.000 21.264
5200.000 15.790
5210.000 10.883
5220.000 8.501
5230.000 7.731
5240.000 6.622
5250.000 6.225
5260.000 5.615
5270.000 5.184
5280.000 4.999
5290.000 4.729
5300.000 4.624
5310.000 4.470
5320.000 4.379
5330.000 4.363
5340.000 4.378
5350.000 4.410
5360.000 4.553
5370.000 4.814
5380.000 4.976
5390.000 5.454
5400.000 5.788
5410.000 6.723
5420.000 8.190
5430.000 9.249
5440.000 12.648
5450.000 15.367
5460.000 23.343
5470.000 27.050
5480.000 21.193
5490.000 11.665
5500.000 9.580
5510.000 7.161
5520.000 5.715
5530.000 5.234
5540.000 4.478
5550.000 4.197
5560.000 3.792
5570.000 3.518
5580.000 3.404
5590.000 3.257
5600.000 3.195
5610.000 3.127
5620.000 3.137
5630.000 3.159
5640.000 3.262
5650.000 3.344
5660.000 3.559
5670.000 3.906
5680.000 4.146
5690.000 4.755
5700.000 5.157
5710.000 6.316
5720.000 8.369
5730.000 9.923
5740.000 14.992
5750.000 18.399
5760.000 20.581
5770.000 11.439
5780.000 9.093
5790.000 6.435
5800.000 5.631
5810.000 4.562
5820.000 3.861
5830.000 3.611
5840.000 3.241
5850.000 3.096
5860.000 2.865
5870.000 2.738
5880.000 2.678
5890.000 2.623
5900.000 2.614
5910.000 2.635
5920.000 2.708
5930.000 2.768
5940.000 2.926
5950.000 3.025
5960.000 3.325
5970.000 3.767
5980.000 4.074
5990.000 4.924
6000.000 5.523
6010.000 7.382
6020.000 10.768
6030.000 13.338
6040.000 18.290
6050.000 17.320
6060.000 9.561
6070.000 6.430
6080.000 5.541
6090.000 4.362
6100.000 3.956
6110.000 3.374
6120.000 2.990
6130.000 2.843
6140.000 2.644
6150.000 2.539
6160.000 2.429
6170.000 2.369
6180.000 2.351
6190.000 2.357
6200.000 2.378
6210.000 2.437
6220.000 2.551
6230.000 2.655
6240.000 2.905
6250.000 3.053
6260.000 3.477
6270.000 3.791
6280.000 4.634
6290.000 6.029
6300.000 7.094
6310.000 10.279
6320.000 12.724
6330.000 16.707
6340.000 11.068
6350.000 8.374
6360.000 5.710
6370.000 4.973
6380.000 3.936
6390.000 3.317
6400.000 3.091
6410.000 2.746
6420.000 2.626
6430.000 2.419
6440.000 2.316
6450.000 2.262
6460.000 2.226
6470.000 2.206
6480.000 2.215
6490.000 2.269
6500.000 2.316
6510.000 2.443
6520.000 2.543
6530.000 2.755
6540.000 3.098
6550.000 3.315
6560.000 3.961
6570.000 4.418
6580.000 5.714
6590.000 8.051
6600.000 9.856
6610.000 14.522
6620.000 15.765
6630.000 10.365
6640.000 6.448
6650.000 5.482
6660.000 4.207
6670.000 3.784
6680.000 3.198
6690.000 2.789
6700.000 2.645
6710.000 2.434
6720.000 2.348
6730.000 2.237
6740.000 2.167
6750.000 2.135
6760.000 2.129
6770.000 2.139
6780.000 2.189
6790.000 2.283
6800.000 2.353
6810.000 2.541
6820.000 2.656
6830.000 2.993
6840.000 3.478
6850.000 3.830
6860.000 4.899
6870.000 5.657
6880.000 8.049
6890.000 9.833
6900.000 13.756
6910.000 11.682
6920.000 8.625
6930.000 5.665
6940.000 4.854
6950.000 3.790
6960.000 3.147
6970.000 2.920
6980.000 2.579
6990.000 2.441
7000.000 2.255
7010.000 2.129
7020.000 2.087
7030.000 2.028
7040.000 2.009
7050.000 2.004
7060.000 2.040
7070.000 2.079
7080.000 2.169
7090.000 2.253
7100.000 2.422
7110.000 2.697
7120.000 2.872
7130.000 3.362
7140.000 3.688
7150.000 4.646
7160.000 6.331
7170.000 7.606
7180.000 11.362
7190.000 13.294
7200.000 11.861
7210.000 6.743
7220.000 5.574
7230.000 4.147
7240.000 3.715
7250.000 3.084
7260.000 2.659
7270.000 2.502
7280.000 2.280
7290.000 2.211
7300.000 2.084
7310.000 1.995
7320.000 1.971
7330.000 1.955
7340.000 1.952
7350.000 1.977
7360.000 2.030
7370.000 2.107
7380.000 2.229
7390.000 2.331
7400.000 2.594
7410.000 2.972
7420.000 3.213
7430.000 3.933
7440.000 4.434
7450.000 6.008
7460.000 8.848
7470.000 10.629
7480.000 12.562
7490.000 11.244
7500.000 7.097
7510.000 5.032
7520.000 4.394
7530.000 3.500
7540.000 3.198
7550.000 2.755
7560.000 2.456
7570.000 2.364
7580.000 2.179
7590.000 2.113
7600.000 2.037
7610.000 1.984
7620.000 2.007
7630.000 1.988
7640.000 2.035
7650.000 2.095
7660.000 2.227
7670.000 2.312
7680.000 2.513
7690.000 2.669
7700.000 3.070
7710.000 3.686
7720.000 4.101
7730.000 5.381
7740.000 6.334
7750.000 9.254
7760.000 12.668
7770.000 12.664
7780.000 7.927
7790.000 6.343
7800.000 4.524
7810.000 3.563
7820.000 3.225
7830.000 2.740
7840.000 2.561
7850.000 2.308
7860.000 2.125
7870.000 2.070
7880.000 1.975
7890.000 1.931
7900.000 1.910
7910.000 1.917
7920.000 1.911
7930.000 1.945
7940.000 1.996
7950.000 2.156
7960.000 2.349
7970.000 2.451
7980.000 2.750
7990.000 2.957
8000.000 3.534
8010.000 4.446
8020.000 5.134
8030.000 7.384
8040.000 8.991
8050.000 12.125
8060.000 11.761
8070.000 7.545
8080.000 5.058
8090.000 4.368
8100.000 3.484
8110.000 3.173
8120.000 2.725
8130.000 2.428
8140.000 2.302
8150.000 2.146
8160.000 2.073
8170.000 2.005
8180.000 1.945
8190.000 1.905
8200.000 1.884
8210.000 1.889
8220.000 1.954
8230.000 2.052
8240.000 2.116
8250.000 2.308
8260.000 2.436
8270.000 2.789
8280.000 3.340
8290.000 3.693
8300.000 4.716
8310.000 5.496
8320.000 7.744
8330.000 10.172
8340.000 10.203
8350.000 8.413
8360.000 7.346
8370.000 5.013
8380.000 3.808
8390.000 3.386
8400.000 2.822
8410.000 2.622
8420.000 2.318
8430.000 2.145
8440.000 2.081
8450.000 1.951
8460.000 1.913
8470.000 1.856
8480.000 1.831
8490.000 1.845
8500.000 1.863
8510.000 1.891
8520.000 1.995
8530.000 2.128
8540.000 2.232
8550.000 2.498
8560.000 2.682
8570.000 3.148
8580.000 3.886
8590.000 4.413
8600.000 6.004
8610.000 7.170
8620.000 9.672
8630.000 8.811
8640.000 6.815
8650.000 5.228
8660.000 4.881
8670.000 3.765
8680.000 2.971
8690.000 2.712
8700.000 2.349
8710.000 2.228
8720.000 2.021
8730.000 1.886
8740.000 1.825
8750.000 1.779
8760.000 1.758
8770.000 1.744
8780.000 1.775
8790.000 1.793
8800.000 1.861
8810.000 1.913
8820.000 2.065
8830.000 2.261
8840.000 2.399
8850.000 2.765
8860.000 3.030
8870.000 3.749
8880.000 4.913
8890.000 5.770
8900.000 8.228
8910.000 9.650
8920.000 9.995
8930.000 6.385
8940.000 5.077
8950.000 3.750
8960.000 3.324
8970.000 2.740
8980.000 2.354
8990.000 2.220
9000.000 2.001
9010.000 1.935
9020.000 1.815
9030.000 1.727
9040.000 1.714
9050.000 1.672
9060.000 1.675
9070.000 1.696
9080.000 1.751
9090.000 1.793
9100.000 1.903
9110.000 1.991
9120.000 2.193
9130.000 2.508
9140.000 2.724
9150.000 3.281
9160.000 3.691
9170.000 4.887
9180.000 6.994
9190.000 8.257
9200.000 9.530
9210.000 8.421
9220.000 5.368
9230.000 3.825
9240.000 3.298
9250.000 2.677
9260.000 2.449
9270.000 2.137
9280.000 2.022
9290.000 1.837
9300.000 1.699
9310.000 1.644
9320.000 1.591
9330.000 1.571
9340.000 1.549
9350.000 1.553
9360.000 1.565
9370.000 1.616
9380.000 1.666
9390.000 1.774
9400.000 1.926
9410.000 2.019
9420.000 2.310
9430.000 2.494
9440.000 3.018
9450.000 3.823
9460.000 4.412
9470.000 6.273
9480.000 7.465
9490.000 8.979
9500.000 6.413
9510.000 5.084
9520.000 3.623
9530.000 3.200
9540.000 2.588
9550.000 2.179
9560.000 2.037
9570.000 1.822
9580.000 1.732
9590.000 1.613
9600.000 1.526
9610.000 1.500
9620.000 1.477
9630.000 1.465
9640.000 1.460
9650.000 1.484
9660.000 1.523
9670.000 1.596
9680.000 1.655
9690.000 1.809
9700.000 2.019
9710.000 2.163
9720.000 2.563
9730.000 2.844
9740.000 3.703
9750.000 5.099
9760.000 6.012
9770.000 7.629
9780.000 7.383
9790.000 5.136
9800.000 3.982
9810.000 3.455
9820.000 2.664
9830.000 2.389
9840.000 1.992
9850.000 1.756
9860.000 1.648
9870.000 1.527
9880.000 1.468
9890.000 1.386
9900.000 1.346
9910.000 1.348
9920.000 1.329
9930.000 1.334
9940.000 1.370
9950.000 1.429
9960.000 1.476
9970.000 1.568
9980.000 1.636
9990.000 1.823
10000.000 2.110
10010.000 2.316
10020.000 2.898
10030.000 3.309
10040.000 4.496
10050.000 6.338
10060.000 7.204
10070.000 6.454
10080.000 5.149
10090.000 3.517
10100.000 2.668
10110.000 2.380
10120.000 2.003
10130.000 1.869
10140.000 1.665
10150.000 1.497
10160.000 1.437
10170.000 1.336
10180.000 1.311
10190.000 1.254
10200.000 1.252
10210.000 1.261
10220.000 1.264
10230.000 1.279
10240.000 1.336
10250.000 1.423
10260.000 1.485
10270.000 1.636
10280.000 1.768
10290.000 2.056
10300.000 2.501
10310.000 2.795
10320.000 3.617
10330.000 4.175
10340.000 5.764
10350.000 6.603
10360.000 6.007
10370.000 3.974
10380.000 3.326
10390.000 2.488
10400.000 2.011
10410.000 1.838
10420.000 1.581
10430.000 1.482
10440.000 1.352
10450.000 1.309
10460.000 1.209
10470.000 1.167
10480.000 1.154
10490.000 1.135
10500.000 1.127
10510.000 1.157
10520.000 1.213
10530.000 1.240
10540.000 1.320
10550.000 1.382
10560.000 1.511
10570.000 1.725
10580.000 1.864
10590.000 2.269
10600.000 2.542
10610.000 3.359
10620.000 4.644
10630.000 5.409
10640.000 5.970
10650.000 5.244
10660.000 3.532
10670.000 2.605
10680.000 2.295
10690.000 1.880
10700.000 1.742
10710.000 1.518
10720.000 1.358
10730.000 1.288
10740.000 1.214
10750.000 1.175
10760.000 1.116
10770.000 1.114
10780.000 1.093
10790.000 1.106
10800.000 1.118
10810.000 1.139
10820.000 1.212
10830.000 1.262
10840.000 1.376
10850.000 1.462
10860.000 1.652
10870.000 1.969
10880.000 2.208
10890.000 2.858
10900.000 3.304
10910.000 4.561
10920.000 5.669
10930.000 5.525
10940.000 3.852
10950.000 3.170
10960.000 2.360
10970.000 1.884
10980.000 1.713
10990.000 1.458
11000.000 1.374
11010.000 1.222
11020.000 1.144
11030.000 1.089
11040.000 1.035
11050.000 1.013
11060.000 1.002
11070.000 1.003
11080.000 1.005
11090.000 1.037
11100.000 1.058
11110.000 1.119
11120.000 1.220
11130.000 1.290
11140.000 1.445
11150.000 1.566
11160.000 1.868
11170.000 2.349
11180.000 2.697
11190.000 3.670
11200.000 4.299
11210.000 5.184
11220.000 4.313
11230.000 3.509
11240.000 2.487
11250.000 2.175
11260.000 1.729
11270.000 1.449
11280.000 1.359
11290.000 1.212
11300.000 1.155
11310.000 1.055
11320.000 1.000
11330.000 0.984
11340.000 0.957
11350.000 0.956
11360.000 0.953
11370.000 0.975
11380.000 0.992
11390.000 1.047
11400.000 1.080
11410.000 1.173
11420.000 1.303
11430.000 1.389
11440.000 1.641
11450.000 1.814
11460.000 2.286
11470.000 3.015
11480.000 3.519
11490.000 4.504
11500.000 4.616
11510.000 3.493
11520.000 2.429
11530.000 2.095
11540.000 1.648
11550.000 1.498
11560.000 1.273
11570.000 1.117
11580.000 1.064
11590.000 0.970
11600.000 0.945
11610.000 0.905
11620.000 0.884
11630.000 0.867
11640.000 0.857
11650.000 0.859
11660.000 0.873
11670.000 0.899
11680.000 0.941
11690.000 1.011
11700.000 1.051
11710.000 1.184
11720.000 1.260
11730.000 1.510
11740.000 1.842
11750.000 2.078
11760.000 2.782
11770.000 3.225
11780.000 4.120
11790.000 3.856
11800.000 3.230
11810.000 2.326
11820.000 1.989
11830.000 1.562
11840.000 1.303
11850.000 1.194
11860.000 1.052
11870.000 1.001
11880.000 0.919
11890.000 0.868
11900.000 0.840
11910.000 0.816
11920.000 0.801
11930.000 0.820
11940.000 0.819
11950.000 0.834
11960.000 0.866
11970.000 0.893
11980.000 0.962
11990.000 1.056
12000.000 1.126
