#Zeit (s) ...
0.0000	     22.94	20.71
2.0000	     23.00	20.73
4.0000	     23.10	20.74
6.0000	     23.35	20.75
8.0000	     23.76	20.77
10.0000	     24.31	20.78
12.0000	     24.98	20.81
14.0000	     25.77	20.82
16.0000	     26.60	20.84
18.0000	     27.47	20.86
20.0000	     28.39	20.89
22.0000	     29.31	20.91
24.0000	     30.23	20.94
26.0000	     31.15	20.98
28.0000	     32.05	21.02
30.0000	     32.95	21.06
32.0000	     33.81	21.11
34.0000	     34.66	21.16
36.0000	     35.47	21.22
38.0000	     36.26	21.28
40.0000	     37.03	21.35
42.0000	     37.77	21.43
44.0000	     38.49	21.50
46.0000	     39.18	21.59
48.0000	     39.85	21.68
50.0000	     40.48	21.78
52.0000	     41.10	21.88
54.0000	     41.69	21.98
56.0000	     42.25	22.10
58.0000	     42.79	22.22
60.0000	     43.32	22.34
62.0000	     43.82	22.47
64.0000	     44.31	22.60
66.0000	     44.78	22.73
68.0000	     45.22	22.87
70.0000	     45.65	23.01
72.0000	     46.06	23.16
74.0000	     46.43	23.30
76.0000	     46.82	23.46
78.0000	     47.20	23.60
80.0000	     47.55	23.76
82.0000	     47.90	23.92
84.0000	     48.24	24.08
86.0000	     48.56	24.24
88.0000	     48.88	24.40
90.0000	     49.18	24.57
92.0000	     49.47	24.73
94.0000	     49.74	24.89
96.0000	     50.00	25.06
98.0000	     50.26	25.22
100.0000    50.51	25.39
102.0000    50.69	25.55
104.0000    50.89	25.70
106.0000    50.98	25.85
108.0000    50.93	26.01
110.0000    50.74	26.17
112.0000    50.42	26.33
114.0000    50.00	26.49
116.0000    49.53	26.64
118.0000    48.99	26.80
120.0000    48.41	26.96
122.0000    47.80	27.11
124.0000    47.20	27.25
126.0000    46.59	27.38
128.0000    45.97	27.51
130.0000    45.36	27.64
132.0000    44.76	27.76
134.0000    44.18	27.88
136.0000    43.59	27.99
138.0000    43.04	28.09
140.0000    42.53	28.19
142.0000    42.03	28.28
144.0000    41.56	28.37
146.0000    41.10	28.45
148.0000    40.66	28.52
150.0000    40.24	28.60
152.0000    39.84	28.67
154.0000    39.47	28.72
156.0000    39.12	28.78
158.0000    38.78	28.83
160.0000    38.46	28.88
162.0000    38.15	28.92
164.0000    37.86	28.95
166.0000    37.59	28.99
168.0000    37.33	29.00
170.0000    37.08	29.02
172.0000    36.85	29.04
174.0000    36.63	29.05
176.0000    36.42	29.06
178.0000    36.22	29.08
180.0000    36.04	29.08
182.0000    35.86	29.09
184.0000    35.70	29.09
186.0000    35.56	29.09
188.0000    35.41	29.09
190.0000    35.26	29.08
192.0000    35.12	29.08
194.0000    34.99	29.07
196.0000    34.88	29.07
198.0000    34.77	29.05
200.0000    34.67	29.04
202.0000    34.55	29.02
204.0000    34.48	29.00
206.0000    34.50	28.97
208.0000    34.69	28.95
210.0000    35.03	28.92
212.0000    35.52	28.90
214.0000    36.11	28.89
216.0000    36.80	28.88
218.0000    37.54	28.87
220.0000    38.32	28.86
222.0000    39.11	28.86
224.0000    39.93	28.86
226.0000    40.74	28.86
228.0000    41.54	28.87
230.0000    42.33	28.88
232.0000    43.11	28.89
234.0000    43.87	28.92
236.0000    44.62	28.94
238.0000    45.34	28.97
240.0000    46.03	29.01
242.0000    46.70	29.05
244.0000    47.34	29.10
246.0000    47.96	29.15
248.0000    48.56	29.21
250.0000    49.14	29.28
252.0000    49.69	29.35
254.0000    50.22	29.43
256.0000    50.73	29.51
258.0000    51.22	29.60
260.0000    51.69	29.70
262.0000    52.13	29.78
264.0000    52.57	29.89
266.0000    52.97	30.00
268.0000    53.37	30.11
270.0000    53.74	30.22
272.0000    54.10	30.34
274.0000    54.45	30.46
276.0000    54.77	30.59
278.0000    55.06	30.70
280.0000    55.37	30.82
282.0000    55.67	30.96
284.0000    55.97	31.10
286.0000    56.25	31.23
288.0000    56.51	31.37
290.0000    56.77	31.51
292.0000    57.02	31.65
294.0000    57.26	31.79
296.0000    57.49	31.93
298.0000    57.71	32.07
300.0000    57.93	32.21
302.0000    58.14	32.36
304.0000    58.30	32.49
306.0000    58.41	32.61
308.0000    58.43	32.72
310.0000    58.30	32.84
312.0000    58.03	32.97
314.0000    57.64	33.10
316.0000    57.17	33.24
318.0000    56.64	33.38
320.0000    56.06	33.51
322.0000    55.45	33.63
324.0000    54.81	33.75
326.0000    54.17	33.86
328.0000    53.53	33.96
330.0000    52.89	34.05
332.0000    52.24	34.14
334.0000    51.63	34.22
336.0000    51.03	34.31
338.0000    50.44	34.38
340.0000    49.89	34.46
342.0000    49.34	34.53
344.0000    48.83	34.62
346.0000    48.33	34.69
348.0000    47.86	34.75
350.0000    47.40	34.81
352.0000    46.97	34.85
354.0000    46.56	34.90
356.0000    46.16	34.940
358.0000    45.73	34.940
360.0000    45.37	34.950
362.0000    45.04	34.96
364.0000    44.72	34.99
366.0000    44.41	35.00
368.0000    44.12	35.01
370.0000    43.85	35.02
372.0000    43.58	35.03
374.0000    43.34	35.03
376.0000    43.09	35.03
378.0000    42.86	35.01
380.0000    42.63	35.01
382.0000    42.42	35.00
384.0000    42.22	35.00
386.0000    42.03	34.98
388.0000    41.87	34.96
390.0000    41.70	34.94
392.0000    41.55	34.92
394.0000    41.39	34.89
396.0000    41.25	34.87
398.0000    41.12	34.84
400.0000    40.99	34.81
402.0000    40.85	34.78
404.0000    40.71	34.72
406.0000    40.62	34.67
408.0000    40.64	34.62
410.0000    40.83	34.57
412.0000    41.18	34.54
414.0000    41.66	34.50
416.0000    42.24	34.47
418.0000    42.90	34.43
420.0000    43.62	34.41
422.0000    44.36	34.39
424.0000    45.13	34.37
426.0000    45.91	34.36
428.0000    46.69	34.35
430.0000    47.47	34.34
432.0000    48.23	34.34
434.0000    48.98	34.34
436.0000    49.71	34.35
438.0000    50.41	34.36
440.0000    51.10	34.37
442.0000    51.76	34.40
444.0000    52.40	34.43
446.0000    53.02	34.46
448.0000    53.61	34.51
450.0000    54.18	34.56
452.0000    54.72	34.61
454.0000    55.25	34.67
456.0000    55.74	34.74
458.0000    56.22	34.81
460.0000    56.68	34.88
462.0000    57.12	34.97
464.0000    57.53	35.05
466.0000    57.94	35.14
468.0000    58.33	35.24
470.0000    58.70	35.34
472.0000    59.06	35.44
474.0000    59.40	35.54
476.0000    59.73	35.65
478.0000    60.04	35.76
480.0000    60.35	35.88
482.0000    60.63	35.99
484.0000    60.91	36.11
486.0000    61.18	36.23
488.0000    61.45	36.36
490.0000    61.70	36.48
492.0000    61.93	36.60
494.0000    62.15	36.74
496.0000    62.37	36.86
498.0000    62.58	36.99
500.0000    62.78	37.13
502.0000    62.98	37.26
504.0000    63.12	37.36
506.0000    63.23	37.48
508.0000    63.23	37.60
510.0000    63.11	37.72
512.0000    62.84	37.82
514.0000    62.45	37.94
516.0000    61.99	38.06
518.0000    61.46	38.17
520.0000    60.88	38.28
522.0000    60.26	38.39
524.0000    59.61	38.51
526.0000    58.97	38.61
528.0000    58.31	38.71
530.0000    57.66	38.81
532.0000    57.02	38.89
534.0000    56.39	38.96
536.0000    55.77	39.03
538.0000    55.17	39.10
540.0000    54.59	39.15
542.0000    54.03	39.19
544.0000    53.50	39.23
546.0000    52.97	39.27
548.0000    52.47	39.32
550.0000    52.00	39.35
552.0000    51.55	39.38
554.0000    51.09	39.41
556.0000    50.68	39.42
558.0000    50.29	39.43
560.0000    49.91	39.43
562.0000    49.56	39.43
564.0000    49.20	39.41
566.0000    48.87	39.41
568.0000    48.55	39.40
570.0000    48.26	39.39
572.0000    47.97	39.39
574.0000    47.70	39.38
576.0000    47.45	39.36
578.0000    47.19	39.34
580.0000    46.95	39.33
582.0000    46.73	39.30
584.0000    46.51	39.26
586.0000    46.31	39.23
588.0000    46.11	39.19
590.0000    45.92	39.15
592.0000    45.74	39.11
594.0000    45.57	39.08
596.0000    45.39	39.03
598.0000    45.24	38.99
600.0000    45.09	38.94
602.0000    44.95	38.89
604.0000    44.81	38.82
606.0000    44.68	38.75
608.0000    44.64	38.68
610.0000    44.76	38.63
612.0000    45.04	38.57
614.0000    45.46	38.52
616.0000    46.00	38.47
618.0000    46.61	38.43
620.0000    47.29	38.40
622.0000    48.01	38.36
624.0000    48.75	38.33
626.0000    49.50	38.30
628.0000    50.27	38.28
630.0000    51.03	38.26
632.0000    51.78	38.24
634.0000    52.52	38.24
636.0000    53.24	38.23
638.0000    53.93	38.23
640.0000    54.61	38.24
642.0000    55.27	38.25
644.0000    55.89	38.26
646.0000    56.50	38.29
648.0000    57.08	38.32
650.0000    57.64	38.36
652.0000    58.18	38.40
654.0000    58.69	38.45
656.0000    59.18	38.50
658.0000    59.65	38.56
660.0000    60.10	38.63
662.0000    60.53	38.69
664.0000    60.94	38.77
666.0000    61.34	38.85
668.0000    61.72	38.93
670.0000    62.08	39.02
672.0000    62.43	39.11
674.0000    62.76	39.21
676.0000    63.07	39.30
678.0000    63.37	39.40
680.0000    63.66	39.51
682.0000    63.94	39.61
684.0000    64.20	39.72
686.0000    64.45	39.83
688.0000    64.70	39.94
690.0000    64.93	40.06
692.0000    65.16	40.18
694.0000    65.38	40.30
696.0000    65.58	40.42
698.0000    65.78	40.53
700.0000    65.97	40.65
702.0000    66.15	40.77
704.0000    66.30	40.87
706.0000    66.41	40.95
708.0000    66.42	41.03
710.0000    66.30	41.12
712.0000    66.05	41.21
714.0000    65.70	41.32
716.0000    65.24	41.41
718.0000    64.71	41.50
720.0000    64.11	41.60
722.0000    63.50	41.68
724.0000    62.85	41.78
726.0000    62.18	41.87
728.0000    61.52	41.95
730.0000    60.86	42.04
732.0000    60.20	42.11
734.0000    59.53	42.18
736.0000    58.88	42.23
738.0000    58.27	42.29
740.0000    57.67	42.35
742.0000    57.10	42.40
744.0000    56.55	42.44
746.0000    56.02	42.49
748.0000    55.50	42.53
750.0000    55.01	42.57
752.0000    54.53	42.59
754.0000    54.09	42.60
756.0000    53.64	42.60
758.0000    53.22	42.61
760.0000    52.81	42.61
762.0000    52.44	42.59
764.0000    52.08	42.57
766.0000    51.74	42.55
768.0000    51.42	42.51
770.0000    51.11	42.46
772.0000    50.82	42.40
774.0000    50.54	42.37
776.0000    50.26	42.33
778.0000    50.01	42.31
780.0000    49.76	42.27
782.0000    49.51	42.24
784.0000    49.29	42.20
786.0000    49.07	42.15
788.0000    48.86	42.10
790.0000    48.66	42.04
792.0000    48.46	41.96
794.0000    48.27	41.89
796.0000    48.10	41.82
798.0000    47.92	41.75
800.0000    47.76	41.69
802.0000    47.59	41.64
804.0000    47.42	41.58
806.0000    47.26	41.50
808.0000    47.21	41.43
810.0000    47.33	41.36
812.0000    47.60	41.30
814.0000    48.01	41.25
816.0000    48.54	41.19
818.0000    49.15	41.15
820.0000    49.82	41.11
822.0000    50.53	41.07
824.0000    51.26	41.03
826.0000    52.01	41.00
828.0000    52.76	40.97
830.0000    53.51	40.94
832.0000    54.24	40.92
834.0000    54.96	40.90
836.0000    55.67	40.90
838.0000    56.36	40.89
840.0000    57.02	40.89
842.0000    57.66	40.90
844.0000    58.29	40.91
846.0000    58.88	40.93
848.0000    59.45	40.96
850.0000    60.01	40.99
852.0000    60.53	41.03
854.0000    61.04	41.06
856.0000    61.52	41.12
858.0000    61.98	41.17
860.0000    62.42	41.22
862.0000    62.85	41.29
864.0000    63.26	41.36
866.0000    63.64	41.43
868.0000    64.01	41.51
870.0000    64.35	41.59
872.0000    64.69	41.68
874.0000    65.01	41.77
876.0000    65.33	41.86
878.0000    65.62	41.95
880.0000    65.90	42.05
882.0000    66.17	42.15
884.0000    66.43	42.25
886.0000    66.68	42.36
888.0000    66.92	42.47
890.0000    67.15	42.57
892.0000    67.37	42.69
894.0000    67.58	42.80
896.0000    67.79	42.91
898.0000    67.98	43.03
900.0000    68.16	43.14
902.0000    68.34	43.25
904.0000    68.49	43.35
906.0000    68.59	43.44
908.0000    68.60	43.51
910.0000    68.46	43.58
912.0000    68.20	43.65
914.0000    67.83	43.74
916.0000    67.36	43.81
918.0000    66.83	43.91
920.0000    66.23	43.99
922.0000    65.60	44.07
924.0000    64.93	44.16
926.0000    64.27	44.23
928.0000    63.59	44.30
930.0000    62.92	44.37
932.0000    62.25	44.44
934.0000    61.60	44.50
936.0000    60.96	44.56
938.0000    60.34	44.62
940.0000    59.74	44.67
942.0000    59.16	44.72
944.0000    58.61	44.77
946.0000    58.06	44.79
948.0000    57.55	44.80
950.0000    57.04	44.83
952.0000    56.53	44.84
954.0000    56.07	44.86
956.0000    55.64	44.87
958.0000    55.23	44.86
960.0000    54.84	44.86
962.0000    54.47	44.83
964.0000    54.10	44.80
966.0000    53.75	44.77
968.0000    53.43	44.75
970.0000    53.11	44.72
972.0000    52.81	44.68
974.0000    52.51	44.64
976.0000    52.24	44.59
978.0000    51.97	44.55
980.0000    51.71	44.52
982.0000    51.46	44.46
984.0000    51.22	44.39
986.0000    51.00	44.33
988.0000    50.79	44.27
990.0000    50.58	44.21
992.0000    50.39	44.17
994.0000    50.19	44.11
996.0000    50.01	44.07
998.0000    49.84	44.00
1000.0000    49.66	43.95
1002.0000    49.49	43.90
1004.0000    49.34	43.85
1006.0000    49.17	43.76
1008.0000    49.03	43.67
1010.0000    49.00	43.59
1012.0000    49.13	43.51
1014.0000    49.41	43.43
1016.0000    49.84	43.37
1018.0000    50.37	43.30
1020.0000    50.98	43.24
1022.0000    51.65	43.19
1024.0000    52.37	43.14
1026.0000    53.11	43.09
1028.0000    53.84	43.05
1030.0000    54.59	43.01
1032.0000    55.34	42.98
1034.0000    56.06	42.95
1036.0000    56.78	42.93
1038.0000    57.48	42.90
1040.0000    58.16	42.89
1042.0000    58.82	42.89
1044.0000    59.45	42.89
1046.0000    60.06	42.90
1048.0000    60.65	42.92
1050.0000    61.23	42.93
1052.0000    61.77	42.97
1054.0000    62.29	42.99
1056.0000    62.79	43.03
1058.0000    63.26	43.07
1060.0000    63.72	43.11
1062.0000    64.14	43.17
1064.0000    64.56	43.22
1066.0000    64.95	43.29
1068.0000    65.32	43.35
1070.0000    65.69	43.43
1072.0000    66.03	43.50
1074.0000    66.36	43.58
1076.0000    66.67	43.67
1078.0000    66.98	43.75
1080.0000    67.26	43.84
1082.0000    67.53	43.93
1084.0000    67.79	44.03
1086.0000    68.04	44.12
1088.0000    68.29	44.22
1090.0000    68.51	44.32
1092.0000    68.73	44.43
1094.0000    68.95	44.53
1096.0000    69.15	44.64
1098.0000    69.34	44.75
1100.0000    69.53	44.85
1102.0000    69.71	44.97
1104.0000    69.89	45.07
1106.0000    70.04	45.18
1108.0000    70.15	45.23
1110.0000    70.21	45.29
1112.0000    70.14	45.35
1114.0000    69.95	45.42
1116.0000    69.61	45.48
1118.0000    69.18	45.52
1120.0000    68.65	45.60
1122.0000    68.06	45.65
1124.0000    67.44	45.69
1126.0000    66.79	45.73
1128.0000    66.11	45.80
1130.0000    65.43	45.86
1132.0000    64.74	45.92
1134.0000    64.06	45.96
1136.0000    63.39	46.00
1138.0000    62.73	46.06
1140.0000    62.10	46.11
1142.0000    61.47	46.15
1144.0000    60.86	46.19
1146.0000    60.27	46.23
1148.0000    59.71	46.27
1150.0000    59.17	46.28
1152.0000    58.65	46.30
1154.0000    58.16	46.31
1156.0000    57.67	46.32
1158.0000    57.23	46.32
1160.0000    56.80	46.32
1162.0000    56.38	46.31
1164.0000    55.98	46.29
1166.0000    55.59	46.27
1168.0000    55.22	46.24
1170.0000    54.86	46.22
1172.0000    54.52	46.20
1174.0000    54.19	46.16
1176.0000    53.87	46.11
1178.0000    53.58	46.07
1180.0000    53.30	46.03
1182.0000    53.03	45.99
1184.0000    52.77	45.93
1186.0000    52.52	45.89
1188.0000    52.28	45.84
1190.0000    52.05	45.79
1192.0000    51.83	45.73
1194.0000    51.63	45.67
1196.0000    51.43	45.60
1198.0000    51.25	45.53
1200.0000    51.06	45.45
1202.0000    50.89	45.36
1204.0000    50.71	45.27
1206.0000    50.55	45.18
1208.0000    50.37	45.09
1210.0000    50.21	44.99
1212.0000    50.17	44.90
1214.0000    50.29	44.82
1216.0000    50.58	44.75
1218.0000    51.00	44.68
1220.0000    51.54	44.61
1222.0000    52.15	44.55
1224.0000    52.81	44.50
1226.0000    53.51	44.45
1228.0000    54.24	44.40
1230.0000    54.97	44.36
1232.0000    55.70	44.31
1234.0000    56.43	44.28
1236.0000    57.16	44.25
1238.0000    57.87	44.22
1240.0000    58.56	44.20
1242.0000    59.23	44.19
1244.0000    59.89	44.18
1246.0000    60.51	44.18
1248.0000    61.12	44.18
1250.0000    61.71	44.19
1252.0000    62.26	44.21
1254.0000    62.80	44.23
1256.0000    63.32	44.26
1258.0000    63.80	44.29
1260.0000    64.27	44.32
1262.0000    64.71	44.37
1264.0000    65.14	44.42
1266.0000    65.56	44.48
1268.0000    65.94	44.54
1270.0000    66.32	44.60
1272.0000    66.68	44.67
1274.0000    67.02	44.75
1276.0000    67.35	44.82
1278.0000    67.66	44.90
1280.0000    67.96	44.99
1282.0000    68.24	45.08
1284.0000    68.51	45.16
1286.0000    68.77	45.25
1288.0000    69.02	45.35
1290.0000    69.26	45.44
1292.0000    69.48	45.53
1294.0000    69.69	45.64
1296.0000    69.91	45.74
1298.0000    70.10	45.84
1300.0000    70.29	45.94
1302.0000    70.47	46.04
1304.0000    70.65	46.15
1306.0000    70.83	46.26
1308.0000    70.94	46.32
1310.0000    71.02	46.41
1312.0000    70.99	46.48
1314.0000    70.83	46.57
1316.0000    70.55	46.63
1318.0000    70.16	46.71
1320.0000    69.66	46.79
1322.0000    69.08	46.87
1324.0000    68.46	46.94
1326.0000    67.81	47.03
1328.0000    67.12	47.11
1330.0000    66.43	47.19
1332.0000    65.72	47.26
1334.0000    65.04	47.33
1336.0000    64.37	47.37
1338.0000    63.73	47.40
1340.0000    63.10	47.42
1342.0000    62.48	47.43
1344.0000    61.88	47.44
1346.0000    61.30	47.44
1348.0000    60.73	47.45
1350.0000    60.20	47.47
1352.0000    59.68	47.48
1354.0000    59.17	47.48
1356.0000    58.69	47.48
1358.0000    58.22	47.49
1360.0000    57.79	47.49
1362.0000    57.37	47.48
1364.0000    56.97	47.48
1366.0000    56.58	47.46
1368.0000    56.20	47.45
1370.0000    55.84	47.44
1372.0000    55.47	47.41
1374.0000    55.14	47.38
1376.0000    54.83	47.35
1378.0000    54.54	47.31
1380.0000    54.25	47.26
1382.0000    53.98	47.21
1384.0000    53.73	47.15
1386.0000    53.49	47.11
1388.0000    53.26	47.04
1390.0000    53.03	46.98
1392.0000    52.82	46.91
1394.0000    52.62	46.84
1396.0000    52.42	46.77
1398.0000    52.23	46.69
1400.0000    52.05	46.61
1402.0000    51.87	46.52
1404.0000    51.70	46.42
1406.0000    51.53	46.33
1408.0000    51.33	46.21
1410.0000    51.17	46.11
1412.0000    51.13	46.01
1414.0000    51.25	45.92
1416.0000    51.54	45.84
1418.0000    51.95	45.76
1420.0000    52.48	45.69
1422.0000    53.08	45.63
1424.0000    53.74	45.57
1426.0000    54.44	45.51
1428.0000    55.16	45.46
1430.0000    55.89	45.41
1432.0000    56.63	45.36
1434.0000    57.35	45.32
1436.0000    58.07	45.29
1438.0000    58.78	45.26
1440.0000    59.45	45.22
1442.0000    60.11	45.20
1444.0000    60.77	45.19
1446.0000    61.39	45.18
1448.0000    62.00	45.19
1450.0000    62.58	45.20
1452.0000    63.14	45.21
1454.0000    63.67	45.23
1456.0000    64.18	45.25
1458.0000    64.66	45.28
1460.0000    65.14	45.32
1462.0000    65.59	45.36
1464.0000    66.02	45.40
1466.0000    66.43	45.46
1468.0000    66.82	45.51
1470.0000    67.19	45.57
1472.0000    67.54	45.64
1474.0000    67.87	45.71
1476.0000    68.19	45.79
1478.0000    68.50	45.86
1480.0000    68.79	45.94
1482.0000    69.07	46.02
1484.0000    69.34	46.11
1486.0000    69.60	46.20
1488.0000    69.84	46.29
1490.0000    70.08	46.38
1492.0000    70.31	46.48
1494.0000    70.52	46.58
1496.0000    70.72	46.67
1498.0000    70.92	46.78
1500.0000    71.11	46.88
1502.0000    71.29	46.98
1504.0000    71.47	47.08
1506.0000    71.64	47.19
1508.0000    71.76	47.27
1510.0000    71.85	47.34
1512.0000    71.83	47.41
1514.0000    71.67	47.49
1516.0000    71.37	47.56
1518.0000    70.95	47.62
1520.0000    70.45	47.69
1522.0000    69.89	47.76
1524.0000    69.27	47.80
1526.0000    68.60	47.84
1528.0000    67.92	47.88
1530.0000    67.23	47.94
1532.0000    66.55	48.01
1534.0000    65.87	48.07
1536.0000    65.20	48.11
1538.0000    64.54	48.17
1540.0000    63.89	48.21
1542.0000    63.27	48.26
1544.0000    62.67	48.29
1546.0000    62.09	48.32
1548.0000    61.52	48.36
1550.0000    60.98	48.37
1552.0000    60.45	48.38
1554.0000    59.94	48.38
1556.0000    59.46	48.38
1558.0000    59.00	48.37
1560.0000    58.55	48.36
1562.0000    58.13	48.33
1564.0000    57.72	48.30
1566.0000    57.33	48.26
1568.0000    56.96	48.23
1570.0000    56.60	48.21
1572.0000    56.27	48.18
1574.0000    55.93	48.14
1576.0000    55.63	48.10
1578.0000    55.33	48.05
1580.0000    55.04	48.01
1582.0000    54.76	47.97
1584.0000    54.50	47.91
1586.0000    54.25	47.87
1588.0000    54.02	47.81
1590.0000    53.79	47.75
1592.0000    53.57	47.69
1594.0000    53.35	47.63
1596.0000    53.15	47.56
1598.0000    52.96	47.50
1600.0000    52.78	47.44
1602.0000    52.61	47.37
1604.0000    52.45	47.30
1606.0000    52.28	47.24
