#zeit   T_1 T_2
0.0000	    24.01	24.91
2.0000	    24.02	24.96
4.0000	    24.04	25.10
6.0000	    24.06	25.38
8.0000	    24.09	25.76
10.0000	    24.12	26.22
12.0000	    24.19	26.72
14.0000	    24.29	27.25
16.0000	    24.40	27.79
18.0000	    24.56	28.33
20.0000	    24.71	28.86
22.0000	    24.89	29.39
24.0000	    25.09	29.88
26.0000	    25.29	30.37
28.0000	    25.51	30.83
30.0000	    25.73	31.28
32.0000	    25.97	31.70
34.0000	    26.20	32.11
36.0000	    26.44	32.51
38.0000	    26.68	32.89
40.0000	    26.92	33.26
42.0000	    27.16	33.59
44.0000	    27.40	33.86
46.0000	    27.64	34.00
48.0000	    27.87	34.00
50.0000	    28.09	33.90
52.0000	    28.28	33.73
54.0000	    28.46	33.51
56.0000	    28.60	33.27
58.0000	    28.72	33.00
60.0000	    28.81	32.74
62.0000	    28.89	32.49
64.0000	    28.96	32.24
66.0000	    29.00	31.99
68.0000	    29.03	31.77
70.0000	    29.05	31.56
72.0000	    29.06	31.35
74.0000	    29.06	31.18
76.0000	    29.06	31.01
78.0000	    29.05	30.84
80.0000	    29.04	30.69
82.0000	    29.02	30.55
84.0000	    29.00	30.42
86.0000	    28.97	30.40
88.0000	    28.95	30.52
90.0000	    28.94	30.77
92.0000	    28.94	31.11
94.0000	    28.98	31.52
96.0000	    29.04	31.97
98.0000	    29.12	32.44
100.0000	29.22	32.90
102.0000	29.35	33.38
104.0000	29.49	33.83
106.0000	29.65	34.27
108.0000	29.82	34.70
110.0000	30.01	35.11
112.0000	30.19	35.51
114.0000	30.39	35.89
116.0000	30.59	36.25
118.0000	30.80	36.59
120.0000	31.01	36.93
122.0000	31.22	37.25
124.0000	31.42	37.56
126.0000	31.63	37.84
128.0000	31.83	38.02
130.0000	32.03	38.07
132.0000	32.21	37.99
134.0000	32.38	37.83
136.0000	32.53	37.60
138.0000	32.66	37.33
140.0000	32.76	37.05
142.0000	32.83	36.75
144.0000	32.89	36.45
146.0000	32.92	36.16
148.0000	32.95	35.87
150.0000	32.95	35.60
152.0000	32.95	35.35
154.0000	32.94	35.10
156.0000	32.91	34.88
158.0000	32.88	34.67
160.0000	32.84	34.46
162.0000	32.80	34.27
164.0000	32.75	34.09
166.0000	32.70	33.93
168.0000	32.65	33.81
170.0000	32.59	33.82
172.0000	32.54	33.97
174.0000	32.51	34.23
176.0000	32.51	34.59
178.0000	32.52	35.00
180.0000	32.57	35.43
182.0000	32.63	35.87
184.0000	32.72	36.33
186.0000	32.83	36.77
188.0000	32.96	37.21
190.0000	33.10	37.62
192.0000	33.26	38.02
194.0000	33.42	38.42
196.0000	33.60	38.79
198.0000	33.77	39.14
200.0000	33.95	39.49
202.0000	34.14	39.82
204.0000	34.33	40.14
206.0000	34.52	40.44
208.0000	34.72	40.73
210.0000	34.91	41.00
212.0000	35.09	41.21
214.0000	35.27	41.29
216.0000	35.43	41.24
218.0000	35.60	41.09
220.0000	35.73	40.86
222.0000	35.85	40.58
224.0000	35.94	40.28
226.0000	36.01	39.96
228.0000	36.06	39.64
230.0000	36.09	39.33
232.0000	36.10	39.03
234.0000	36.09	38.73
236.0000	36.06	38.44
238.0000	36.03	38.17
240.0000	35.99	37.93
242.0000	35.94	37.69
244.0000	35.89	37.46
246.0000	35.82	37.26
248.0000	35.76	37.05
250.0000	35.69	36.86
252.0000	35.62	36.69
254.0000	35.55	36.63
256.0000	35.49	36.72
258.0000	35.43	36.94
260.0000	35.41	37.25
262.0000	35.40	37.63
264.0000	35.42	38.03
266.0000	35.46	38.47
268.0000	35.53	38.92
270.0000	35.62	39.35
272.0000	35.73	39.78
274.0000	35.86	40.19
276.0000	35.99	40.59
278.0000	36.15	40.98
280.0000	36.30	41.35
282.0000	36.47	41.70
284.0000	36.64	42.04
286.0000	36.81	42.36
288.0000	36.99	42.67
290.0000	37.17	42.97
292.0000	37.34	43.22
294.0000	37.51	43.38
296.0000	37.67	43.40
298.0000	37.83	43.30
300.0000	37.97	43.11
302.0000	38.08	42.85
304.0000	38.17	42.56
306.0000	38.24	42.24
308.0000	38.29	41.91
310.0000	38.30	41.59
312.0000	38.30	41.27
314.0000	38.29	40.96
316.0000	38.26	40.67
318.0000	38.22	40.39
320.0000	38.17	40.12
322.0000	38.11	39.86
324.0000	38.04	39.62
326.0000	37.97	39.39
328.0000	37.89	39.18
330.0000	37.82	38.97
332.0000	37.74	38.78
334.0000	37.65	38.59
336.0000	37.57	38.43
338.0000	37.48	38.38
340.0000	37.40	38.47
342.0000	37.34	38.69
344.0000	37.30	39.00
346.0000	37.29	39.38
348.0000	37.30	39.79
350.0000	37.33	40.23
352.0000	37.39	40.68
354.0000	37.47	41.12
356.0000	37.57	41.55
358.0000	37.69	41.96
360.0000	37.82	42.37
362.0000	37.97	42.76
364.0000	38.12	43.13
366.0000	38.29	43.48
368.0000	38.45	43.82
370.0000	38.62	44.14
372.0000	38.80	44.45
374.0000	38.98	44.75
376.0000	39.15	45.04
378.0000	39.33	45.30
380.0000	39.49	45.53
382.0000	39.65	45.69
384.0000	39.81	45.71
386.0000	39.95	45.61
388.0000	40.08	45.41
390.0000	40.19	45.15
392.0000	40.28	44.84
394.0000	40.34	44.50
396.0000	40.37	44.15
398.0000	40.38	43.80
400.0000	40.37	43.46
402.0000	40.34	43.12
404.0000	40.30	42.80
406.0000	40.24	42.50
408.0000	40.19	42.22
410.0000	40.13	41.95
412.0000	40.06	41.71
414.0000	39.99	41.46
416.0000	39.91	41.23
418.0000	39.82	41.01
420.0000	39.72	40.80
422.0000	39.63	40.68
424.0000	39.54	40.71
426.0000	39.47	40.88
428.0000	39.42	41.14
430.0000	39.39	41.49
432.0000	39.38	41.87
434.0000	39.40	42.28
436.0000	39.45	42.69
438.0000	39.51	43.11
440.0000	39.60	43.51
442.0000	39.71	43.92
444.0000	39.83	44.30
446.0000	39.96	44.67
448.0000	40.10	45.02
450.0000	40.25	45.36
452.0000	40.39	45.69
454.0000	40.55	45.99
456.0000	40.71	46.29
458.0000	40.88	46.58
460.0000	41.04	46.84
462.0000	41.19	47.02
464.0000	41.32	47.07
466.0000	41.44	46.99
468.0000	41.56	46.81
470.0000	41.65	46.56
472.0000	41.72	46.26
474.0000	41.77	45.92
476.0000	41.80	45.58
478.0000	41.81	45.22
480.0000	41.80	44.88
482.0000	41.77	44.55
484.0000	41.73	44.23
486.0000	41.68	43.93
488.0000	41.62	43.65
490.0000	41.55	43.38
492.0000	41.48	43.13
494.0000	41.40	42.89
496.0000	41.31	42.66
498.0000	41.23	42.44
500.0000	41.14	42.24
502.0000	41.05	42.05
504.0000	40.93	41.94
506.0000	40.84	41.99
508.0000	40.75	42.15
510.0000	40.69	42.43
512.0000	40.66	42.77
514.0000	40.65	43.16
516.0000	40.67	43.56
518.0000	40.71	43.98
520.0000	40.77	44.39
522.0000	40.86	44.80
524.0000	40.96	45.19
526.0000	41.08	45.57
528.0000	41.20	45.93
530.0000	41.34	46.28
532.0000	41.49	46.61
534.0000	41.64	46.93
536.0000	41.78	47.23
538.0000	41.94	47.51
540.0000	42.09	47.77
542.0000	42.25	48.02
544.0000	42.39	48.24
546.0000	42.53	48.42
548.0000	42.66	48.47
550.0000	42.79	48.41
552.0000	42.91	48.23
554.0000	43.01	47.98
556.0000	43.08	47.67
558.0000	43.13	47.34
560.0000	43.16	46.99
562.0000	43.16	46.64
564.0000	43.15	46.29
566.0000	43.12	45.95
568.0000	43.08	45.62
570.0000	43.02	45.31
572.0000	42.95	45.01
574.0000	42.88	44.72
576.0000	42.78	44.44
578.0000	42.69	44.19
580.0000	42.60	43.94
582.0000	42.50	43.71
584.0000	42.40	43.48
586.0000	42.28	43.26
588.0000	42.16	43.08
590.0000	42.05	43.02
592.0000	41.95	43.12
594.0000	41.87	43.33
596.0000	41.81	43.63
598.0000	41.78	43.98
600.0000	41.78	44.37
602.0000	41.80	44.78
604.0000	41.84	45.19
606.0000	41.91	45.60
608.0000	41.99	46.00
610.0000	42.10	46.39
612.0000	42.21	46.76
614.0000	42.33	47.12
616.0000	42.47	47.46
618.0000	42.61	47.79
620.0000	42.75	48.10
622.0000	42.91	48.40
624.0000	43.06	48.69
626.0000	43.22	48.96
628.0000	43.36	49.20
630.0000	43.48	49.38
632.0000	43.61	49.43
634.0000	43.73	49.37
636.0000	43.84	49.20
638.0000	43.93	48.94
640.0000	44.01	48.63
642.0000	44.06	48.29
644.0000	44.08	47.94
646.0000	44.09	47.58
648.0000	44.07	47.23
650.0000	44.03	46.88
652.0000	43.97	46.55
654.0000	43.91	46.24
656.0000	43.84	45.93
658.0000	43.76	45.64
660.0000	43.66	45.36
662.0000	43.57	45.11
664.0000	43.47	44.86
666.0000	43.37	44.63
668.0000	43.26	44.40
670.0000	43.14	44.17
672.0000	43.01	44.00
674.0000	42.90	43.97
676.0000	42.80	44.08
678.0000	42.71	44.30
680.0000	42.66	44.61
682.0000	42.62	44.96
684.0000	42.62	45.36
686.0000	42.64	45.75
688.0000	42.66	46.13
690.0000	42.69	46.51
692.0000	42.75	46.88
694.0000	42.84	47.24
696.0000	42.92	47.58
698.0000	43.01	47.91
700.0000	43.12	48.22
702.0000	43.23	48.53
704.0000	43.38	48.83
706.0000	43.53	49.12
708.0000	43.68	49.39
710.0000	43.83	49.64
712.0000	43.97	49.86
714.0000	44.11	50.00
716.0000	44.23	50.00
718.0000	44.32	49.87
720.0000	44.39	49.61
722.0000	44.46	49.30
724.0000	44.52	48.97
726.0000	44.54	48.62
728.0000	44.54	48.25
730.0000	44.50	47.88
732.0000	44.44	47.49
734.0000	44.39	47.13
736.0000	44.33	46.80
738.0000	44.25	46.48
740.0000	44.17	46.17
742.0000	44.06	45.88
744.0000	43.97	45.60
746.0000	43.84	45.31
748.0000	43.73	45.05
750.0000	43.62	44.81
752.0000	43.49	44.57
754.0000	43.35	44.33
756.0000	43.22	44.15
758.0000	43.11	44.13
760.0000	43.00	44.24
762.0000	42.91	44.47
764.0000	42.85	44.76
766.0000	42.81	45.11
768.0000	42.81	45.50
770.0000	42.83	45.90
772.0000	42.87	46.30
774.0000	42.94	46.69
776.0000	43.01	47.07
778.0000	43.11	47.44
780.0000	43.22	47.80
782.0000	43.34	48.15
784.0000	43.48	48.48
786.0000	43.61	48.79
788.0000	43.75	49.09
790.0000	43.89	49.37
792.0000	44.04	49.65
794.0000	44.19	49.90
796.0000	44.31	50.12
798.0000	44.44	50.23
800.0000	44.56	50.23
802.0000	44.67	50.10
804.0000	44.77	49.89
806.0000	44.84	49.60
808.0000	44.89	49.26
810.0000	44.91	48.91
812.0000	44.90	48.54
814.0000	44.87	48.16
816.0000	44.83	47.81
818.0000	44.78	47.46
820.0000	44.71	47.13
822.0000	44.62	46.80
824.0000	44.52	46.50
826.0000	44.42	46.21
828.0000	44.32	45.94
830.0000	44.21	45.68
832.0000	44.10	45.43
834.0000	43.98	45.20
836.0000	43.87	44.97
838.0000	43.75	44.74
840.0000	43.63	44.62
842.0000	43.53	44.63
844.0000	43.43	44.78
846.0000	43.37	45.04
848.0000	43.32	45.35
850.0000	43.30	45.72
852.0000	43.30	46.10
854.0000	43.33	46.50
856.0000	43.38	46.89
858.0000	43.45	47.28
860.0000	43.54	47.66
862.0000	43.64	48.02
864.0000	43.75	48.38
866.0000	43.88	48.71
868.0000	44.01	49.03
870.0000	44.15	49.33
872.0000	44.29	49.63
874.0000	44.43	49.90
876.0000	44.57	50.16
878.0000	44.71	50.38
880.0000	44.83	50.59
882.0000	44.95	50.71
884.0000	45.06	50.71
886.0000	45.17	50.60
888.0000	45.26	50.38
890.0000	45.33	50.10
892.0000	45.38	49.78
894.0000	45.41	49.43
896.0000	45.41	49.08
898.0000	45.40	48.72
900.0000	45.37	48.36
902.0000	45.32	48.02
904.0000	45.26	47.70
906.0000	45.18	47.38
908.0000	45.10	47.09
910.0000	45.00	46.80
912.0000	44.90	46.53
914.0000	44.79	46.26
916.0000	44.68	46.02
918.0000	44.57	45.78
