#	Zeit (s)	Temperatur 1 (°C)	Temperatur 2 (°C)	Temperatur 3 (°C)	Temperatur 4 (°C)	Temperatur 5 (°C)	Temperatur 6 (°C)	Temperatur 7 (°C)	Temperatur 8 (°C)
1	0.0000	17.79	17.05	17.39	17.74	15.81	15.72	17.70	20.19
2	2.0000	17.80	17.16	17.52	17.76	15.85	16.10	17.73	20.17
3	4.0000	17.80	17.52	17.96	17.77	15.95	17.11	17.78	20.16
4	6.0000	17.82	18.14	18.72	17.79	16.19	18.46	17.85	20.15
5	8.0000	17.85	18.93	19.68	17.85	16.56	19.90	17.98	20.13
6	10.0000	17.93	19.81	20.73	17.95	17.04	21.30	18.19	20.11
7	12.0000	18.04	20.73	21.81	18.10	17.62	22.64	18.48	20.10
8	14.0000	18.21	21.63	22.89	18.31	18.25	23.88	18.81	20.09
9	16.0000	18.41	22.51	23.92	18.54	18.92	25.03	19.24	20.08
10	18.0000	18.64	23.37	24.92	18.82	19.62	26.12	19.70	20.07
11	20.0000	18.90	24.18	25.85	19.14	20.32	27.11	20.20	20.07
12	22.0000	19.19	24.96	26.73	19.47	21.03	28.03	20.73	20.05
13	24.0000	19.48	25.69	27.56	19.82	21.74	28.87	21.28	20.05
14	26.0000	19.80	26.37	28.32	20.19	22.44	29.64	21.84	20.05
15	28.0000	20.13	27.01	29.02	20.57	23.12	30.39	22.42	20.05
16	30.0000	20.45	27.61	29.70	20.95	23.81	31.10	22.99	20.05
17	32.0000	20.80	28.19	30.33	21.33	24.47	31.77	23.56	20.05
18	34.0000	21.14	28.75	30.93	21.71	25.12	32.42	24.12	20.06
19	36.0000	21.48	29.28	31.50	22.10	25.78	33.06	24.68	20.06
20	38.0000	21.83	29.79	32.04	22.48	26.41	33.68	25.23	20.08
21	40.0000	22.17	30.29	32.57	22.86	27.03	34.29	25.77	20.09
22	42.0000	22.52	30.77	33.07	23.25	27.65	34.88	26.30	20.13
23	44.0000	22.85	31.24	33.55	23.62	28.26	35.44	26.82	20.14
24	46.0000	23.20	31.68	34.01	24.00	28.85	35.99	27.32	20.17
25	48.0000	23.55	32.10	34.45	24.37	29.44	36.52	27.81	20.21
26	50.0000	23.89	32.53	34.87	24.74	30.00	37.03	28.29	20.24
27	52.0000	24.23	32.92	35.26	25.10	30.56	37.49	28.76	20.28
28	54.0000	24.56	33.29	35.63	25.45	31.11	37.94	29.21	20.32
29	56.0000	24.90	33.64	35.96	25.81	31.63	38.34	29.65	20.37
30	58.0000	25.22	33.97	36.28	26.16	32.14	38.74	30.08	20.42
31	60.0000	25.56	34.28	36.57	26.50	32.64	39.10	30.49	20.48
32	62.0000	25.87	34.58	36.85	26.83	33.12	39.46	30.89	20.54
33	64.0000	26.19	34.86	37.11	27.17	33.57	39.81	31.27	20.60
34	66.0000	26.50	35.14	37.36	27.48	34.03	40.15	31.64	20.68
35	68.0000	26.81	35.41	37.60	27.80	34.45	40.48	31.99	20.74
36	70.0000	27.12	35.68	37.84	28.10	34.88	40.84	32.33	20.81
37	72.0000	27.41	35.95	38.10	28.40	35.29	41.21	32.66	20.89
38	74.0000	27.71	36.23	38.36	28.70	35.71	41.59	32.97	20.96
39	76.0000	28.00	36.51	38.62	28.98	36.11	41.96	33.29	21.04
40	78.0000	28.28	36.79	38.88	29.27	36.52	42.33	33.58	21.13
41	80.0000	28.57	37.07	39.14	29.56	36.91	42.67	33.89	21.21
42	82.0000	28.85	37.33	39.38	29.83	37.30	42.98	34.18	21.30
43	84.0000	29.13	37.58	39.60	30.11	37.67	43.26	34.46	21.39
44	86.0000	29.42	37.81	39.80	30.39	38.04	43.52	34.74	21.48
45	88.0000	29.70	38.01	39.98	30.66	38.39	43.76	35.01	21.58
46	90.0000	29.97	38.22	40.14	30.92	38.73	43.98	35.26	21.67
47	92.0000	30.23	38.42	40.30	31.17	39.05	44.21	35.51	21.76
48	94.0000	30.50	38.60	40.46	31.42	39.36	44.43	35.75	21.86
49	96.0000	30.76	38.79	40.62	31.67	39.67	44.65	35.98	21.95
50	98.0000	31.01	38.98	40.76	31.90	39.96	44.87	36.20	22.05
51	100.0000	31.25	39.16	40.89	32.12	40.24	45.08	36.40	22.15
52	102.0000	31.49	39.33	41.02	32.34	40.51	45.27	36.58	22.25
53	104.0000	31.72	39.43	41.05	32.56	40.77	45.15	36.78	22.35
54	106.0000	31.95	39.30	40.82	32.77	40.98	44.51	36.95	22.45
55	108.0000	32.17	38.95	40.33	32.96	41.05	43.60	37.09	22.56
56	110.0000	32.36	38.46	39.67	33.12	41.01	42.61	37.18	22.66
57	112.0000	32.52	37.91	38.95	33.23	40.87	41.66	37.20	22.76
58	114.0000	32.63	37.34	38.21	33.30	40.66	40.77	37.16	22.87
59	116.0000	32.71	36.78	37.49	33.33	40.39	39.96	37.04	22.96
60	118.0000	32.76	36.23	36.79	33.32	40.09	39.21	36.87	23.07
61	120.0000	32.77	35.71	36.13	33.27	39.76	38.52	36.67	23.17
62	122.0000	32.75	35.22	35.52	33.20	39.42	37.89	36.43	23.28
63	124.0000	32.71	34.75	34.95	33.12	39.07	37.32	36.16	23.38
64	126.0000	32.67	34.32	34.41	33.01	38.71	36.79	35.87	23.48
65	128.0000	32.60	33.92	33.91	32.88	38.35	36.30	35.56	23.58
66	130.0000	32.52	33.54	33.44	32.75	37.99	35.84	35.24	23.67
67	132.0000	32.44	33.19	33.02	32.61	37.63	35.41	34.91	23.77
68	134.0000	32.35	32.86	32.62	32.46	37.27	35.02	34.58	23.86
69	136.0000	32.25	32.56	32.25	32.30	36.92	34.64	34.26	23.94
70	138.0000	32.15	32.28	31.92	32.15	36.58	34.29	33.94	24.03
71	140.0000	32.05	32.01	31.62	32.00	36.25	33.96	33.64	24.11
72	142.0000	31.95	31.77	31.34	31.84	35.92	33.64	33.34	24.19
73	144.0000	31.85	31.54	31.08	31.69	35.60	33.35	33.06	24.27
74	146.0000	31.74	31.32	30.84	31.53	35.29	33.06	32.78	24.33
75	148.0000	31.64	31.13	30.61	31.38	34.99	32.79	32.51	24.40
76	150.0000	31.53	30.95	30.40	31.23	34.69	32.54	32.24	24.45
77	152.0000	31.42	30.77	30.21	31.08	34.40	32.30	32.00	24.51
78	154.0000	31.32	30.61	30.03	30.92	34.13	32.07	31.74	24.56
79	156.0000	31.23	30.46	29.85	30.78	33.86	31.84	31.50	24.61
80	158.0000	31.12	30.32	29.70	30.64	33.59	31.64	31.26	24.66
81	160.0000	31.02	30.18	29.55	30.51	33.33	31.43	31.03	24.71
82	162.0000	30.91	30.06	29.41	30.38	33.08	31.25	30.82	24.75
83	164.0000	30.82	29.95	29.29	30.25	32.85	31.07	30.63	24.79
84	166.0000	30.72	29.84	29.18	30.13	32.63	30.90	30.43	24.83
85	168.0000	30.63	29.74	29.07	30.01	32.41	30.74	30.26	24.87
86	170.0000	30.54	29.65	28.98	29.89	32.20	30.58	30.08	24.89
87	172.0000	30.46	29.56	28.88	29.77	31.99	30.43	29.92	24.93
88	174.0000	30.38	29.48	28.80	29.66	31.80	30.29	29.76	24.94
89	176.0000	30.29	29.40	28.72	29.56	31.61	30.15	29.61	24.96
90	178.0000	30.21	29.34	28.65	29.45	31.42	30.03	29.46	24.99
91	180.0000	30.12	29.27	28.58	29.35	31.25	29.91	29.33	25.00
92	182.0000	30.05	29.20	28.52	29.25	31.08	29.79	29.19	25.01
93	184.0000	29.98	29.14	28.46	29.15	30.92	29.68	29.07	25.03
94	186.0000	29.90	29.09	28.41	29.05	30.77	29.58	28.95	25.03
95	188.0000	29.83	29.03	28.35	28.95	30.62	29.48	28.84	25.04
96	190.0000	29.75	28.98	28.31	28.87	30.48	29.39	28.74	25.04
97	192.0000	29.69	28.94	28.26	28.78	30.34	29.29	28.63	25.04
98	194.0000	29.62	28.89	28.23	28.70	30.20	29.20	28.55	25.05
99	196.0000	29.55	28.85	28.19	28.61	30.07	29.12	28.44	25.05
100	198.0000	29.48	28.79	28.15	28.55	29.95	29.03	28.36	25.06
101	200.0000	29.41	28.76	28.12	28.47	29.83	28.95	28.28	25.06
102	202.0000	29.35	28.72	28.08	28.40	29.71	28.88	28.20	25.06
103	204.0000	29.28	28.70	28.08	28.32	29.59	28.94	28.12	25.06
104	206.0000	29.22	28.89	28.33	28.25	29.51	29.62	28.05	25.05
105	208.0000	29.17	29.34	28.90	28.20	29.54	30.71	28.01	25.05
106	210.0000	29.15	30.00	29.69	28.17	29.71	31.94	28.02	25.05
107	212.0000	29.16	30.76	30.61	28.19	30.02	33.20	28.10	25.05
108	214.0000	29.20	31.57	31.59	28.25	30.42	34.41	28.26	25.05
109	216.0000	29.29	32.40	32.56	28.37	30.89	35.54	28.48	25.04
110	218.0000	29.43	33.19	33.52	28.53	31.40	36.57	28.79	25.04
111	220.0000	29.59	33.97	34.42	28.73	31.95	37.53	29.14	25.04
112	222.0000	29.79	34.72	35.29	28.97	32.51	38.42	29.54	25.04
113	224.0000	30.01	35.42	36.10	29.22	33.08	39.25	29.96	25.04
114	226.0000	30.25	36.10	36.87	29.50	33.66	40.03	30.42	25.04
115	228.0000	30.51	36.75	37.60	29.79	34.23	40.77	30.89	25.04
116	230.0000	30.78	37.36	38.28	30.10	34.81	41.46	31.37	25.04
117	232.0000	31.06	37.93	38.91	30.41	35.39	42.10	31.86	25.05
118	234.0000	31.34	38.47	39.51	30.73	35.95	42.70	32.35	25.05
119	236.0000	31.64	38.99	40.07	31.06	36.51	43.27	32.85	25.06
120	238.0000	31.93	39.48	40.59	31.39	37.06	43.81	33.35	25.08
121	240.0000	32.23	39.94	41.08	31.72	37.60	44.32	33.82	25.09
122	242.0000	32.53	40.38	41.55	32.04	38.12	44.83	34.30	25.11
123	244.0000	32.82	40.80	41.99	32.36	38.64	45.32	34.77	25.13
124	246.0000	33.12	41.21	42.41	32.69	39.15	45.79	35.22	25.15
125	248.0000	33.42	41.60	42.80	33.00	39.65	46.23	35.66	25.18
126	250.0000	33.71	41.97	43.17	33.32	40.13	46.64	36.10	25.21
127	252.0000	34.00	42.31	43.51	33.63	40.61	47.04	36.52	25.25
128	254.0000	34.29	42.64	43.84	33.94	41.06	47.41	36.93	25.29
129	256.0000	34.57	42.95	44.14	34.24	41.51	47.77	37.32	25.32
130	258.0000	34.86	43.25	44.42	34.53	41.94	48.11	37.70	25.37
131	260.0000	35.14	43.54	44.70	34.83	42.36	48.48	38.07	25.42
132	262.0000	35.42	43.84	44.99	35.11	42.78	48.86	38.43	25.47
133	264.0000	35.69	44.14	45.29	35.40	43.18	49.26	38.78	25.53
134	266.0000	35.96	44.44	45.58	35.67	43.59	49.65	39.11	25.59
135	268.0000	36.24	44.74	45.87	35.95	43.99	50.02	39.45	25.66
136	270.0000	36.50	45.03	46.15	36.22	44.39	50.38	39.77	25.72
137	272.0000	36.77	45.31	46.42	36.49	44.78	50.72	40.09	25.79
138	274.0000	37.04	45.59	46.68	36.77	45.16	51.05	40.40	25.86
139	276.0000	37.31	45.84	46.91	37.03	45.54	51.34	40.70	25.93
140	278.0000	37.57	46.08	47.12	37.29	45.89	51.59	41.00	26.01
141	280.0000	37.83	46.29	47.31	37.55	46.24	51.81	41.28	26.09
142	282.0000	38.08	46.49	47.48	37.81	46.57	52.03	41.55	26.17
143	284.0000	38.34	46.67	47.64	38.05	46.88	52.23	41.81	26.25
144	286.0000	38.59	46.85	47.78	38.29	47.18	52.44	42.06	26.33
145	288.0000	38.83	47.03	47.93	38.52	47.47	52.64	42.30	26.42
146	290.0000	39.06	47.21	48.08	38.75	47.75	52.86	42.53	26.50
147	292.0000	39.29	47.38	48.23	38.97	48.03	53.07	42.76	26.60
148	294.0000	39.52	47.56	48.38	39.18	48.30	53.29	42.97	26.69
149	296.0000	39.74	47.73	48.52	39.39	48.56	53.50	43.17	26.78
150	298.0000	39.97	47.91	48.66	39.60	48.83	53.70	43.37	26.88
151	300.0000	40.18	48.08	48.81	39.80	49.08	53.91	43.56	26.97
152	302.0000	40.40	48.26	48.95	40.00	49.33	54.10	43.75	27.06
153	304.0000	40.60	48.41	49.04	40.17	49.56	54.25	43.89	27.15
154	306.0000	40.79	48.43	48.99	40.35	49.76	53.94	44.04	27.24
155	308.0000	40.97	48.19	48.65	40.52	49.88	53.16	44.18	27.33
156	310.0000	41.13	47.76	48.07	40.68	49.90	52.18	44.28	27.42
157	312.0000	41.26	47.20	47.35	40.78	49.78	51.13	44.32	27.52
158	314.0000	41.36	46.60	46.58	40.85	49.57	50.14	44.30	27.62
159	316.0000	41.42	45.98	45.79	40.86	49.29	49.20	44.22	27.72
160	318.0000	41.44	45.36	45.02	40.84	48.95	48.33	44.07	27.81
161	320.0000	41.43	44.76	44.28	40.77	48.58	47.51	43.86	27.92
162	322.0000	41.39	44.18	43.56	40.67	48.19	46.77	43.61	28.01
163	324.0000	41.32	43.63	42.90	40.55	47.79	46.08	43.33	28.10
164	326.0000	41.23	43.12	42.28	40.41	47.37	45.44	43.03	28.19
165	328.0000	41.13	42.64	41.69	40.25	46.95	44.85	42.69	28.28
166	330.0000	41.01	42.19	41.15	40.06	46.53	44.30	42.35	28.36
167	332.0000	40.89	41.76	40.64	39.89	46.11	43.77	41.98	28.45
168	334.0000	40.75	41.36	40.17	39.70	45.69	43.29	41.63	28.54
169	336.0000	40.61	40.98	39.74	39.52	45.27	42.83	41.27	28.61
170	338.0000	40.47	40.63	39.34	39.32	44.87	42.41	40.92	28.69
171	340.0000	40.33	40.31	38.96	39.14	44.47	41.99	40.56	28.77
172	342.0000	40.18	40.00	38.61	38.95	44.08	41.61	40.21	28.84
173	344.0000	40.04	39.71	38.28	38.75	43.69	41.24	39.86	28.91
174	346.0000	39.89	39.45	37.98	38.56	43.33	40.90	39.52	28.98
175	348.0000	39.75	39.19	37.70	38.37	42.96	40.57	39.20	29.04
176	350.0000	39.61	38.96	37.44	38.17	42.60	40.26	38.88	29.09
177	352.0000	39.46	38.74	37.19	38.00	42.26	39.97	38.57	29.15
178	354.0000	39.32	38.53	36.98	37.81	41.92	39.68	38.28	29.20
179	356.0000	39.18	38.33	36.77	37.64	41.59	39.42	38.00	29.25
180	358.0000	39.03	38.14	36.57	37.46	41.27	39.16	37.72	29.28
181	360.0000	38.88	37.97	36.39	37.29	40.97	38.91	37.44	29.33
182	362.0000	38.74	37.79	36.22	37.13	40.68	38.67	37.19	29.37
183	364.0000	38.60	37.63	36.05	36.95	40.39	38.44	36.95	29.40
184	366.0000	38.46	37.48	35.89	36.79	40.12	38.23	36.71	29.43
185	368.0000	38.32	37.34	35.75	36.62	39.85	38.02	36.49	29.46
186	370.0000	38.19	37.20	35.62	36.47	39.59	37.82	36.28	29.49
187	372.0000	38.06	37.07	35.49	36.31	39.34	37.63	36.08	29.50
188	374.0000	37.93	36.95	35.37	36.16	39.10	37.44	35.89	29.52
189	376.0000	37.80	36.83	35.25	36.01	38.86	37.27	35.70	29.53
190	378.0000	37.67	36.72	35.14	35.87	38.63	37.10	35.52	29.54
191	380.0000	37.54	36.60	35.03	35.72	38.41	36.93	35.34	29.55
192	382.0000	37.41	36.49	34.93	35.58	38.18	36.77	35.16	29.55
193	384.0000	37.28	36.39	34.83	35.45	37.97	36.61	35.00	29.56
194	386.0000	37.16	36.29	34.74	35.31	37.77	36.47	34.85	29.56
195	388.0000	37.03	36.19	34.64	35.19	37.56	36.32	34.71	29.56
196	390.0000	36.92	36.10	34.56	35.06	37.37	36.18	34.56	29.56
197	392.0000	36.81	36.01	34.48	34.95	37.20	36.04	34.43	29.56
198	394.0000	36.70	35.93	34.41	34.83	37.03	35.91	34.30	29.55
199	396.0000	36.60	35.84	34.33	34.72	36.85	35.79	34.18	29.54
200	398.0000	36.50	35.76	34.27	34.61	36.69	35.67	34.08	29.53
201	400.0000	36.40	35.69	34.21	34.50	36.53	35.56	33.97	29.53
202	402.0000	36.31	35.62	34.15	34.39	36.38	35.45	33.88	29.52
203	404.0000	36.21	35.56	34.10	34.29	36.23	35.33	33.77	29.50
204	406.0000	36.10	35.47	34.02	34.18	36.05	35.23	33.67	29.48
205	408.0000	36.00	35.51	34.11	34.08	35.89	35.62	33.56	29.47
206	410.0000	35.90	35.84	34.53	33.98	35.83	36.56	33.47	29.45
207	412.0000	35.82	36.41	35.24	33.90	35.92	37.76	33.42	29.44
208	414.0000	35.79	37.12	36.11	33.87	36.15	39.01	33.45	29.42
209	416.0000	35.79	37.91	37.06	33.89	36.48	40.22	33.56	29.41
210	418.0000	35.83	38.72	38.02	33.97	36.90	41.36	33.74	29.39
211	420.0000	35.93	39.51	38.98	34.08	37.37	42.41	34.00	29.39
212	422.0000	36.06	40.29	39.89	34.25	37.89	43.39	34.31	29.37
213	424.0000	36.22	41.03	40.76	34.45	38.41	44.29	34.68	29.36
214	426.0000	36.41	41.74	41.59	34.69	38.96	45.13	35.08	29.35
215	428.0000	36.62	42.41	42.36	34.93	39.52	45.92	35.52	29.34
216	430.0000	36.85	43.04	43.09	35.21	40.08	46.65	35.98	29.33
217	432.0000	37.09	43.65	43.79	35.50	40.63	47.34	36.45	29.33
218	434.0000	37.35	44.22	44.42	35.79	41.19	47.98	36.93	29.33
219	436.0000	37.61	44.77	45.03	36.10	41.74	48.60	37.42	29.32
220	438.0000	37.89	45.28	45.60	36.41	42.28	49.18	37.90	29.32
221	440.0000	38.15	45.77	46.13	36.72	42.83	49.74	38.39	29.32
222	442.0000	38.43	46.25	46.64	37.04	43.36	50.28	38.86	29.33
223	444.0000	38.71	46.70	47.13	37.35	43.87	50.81	39.34	29.33
224	446.0000	38.99	47.13	47.58	37.66	44.39	51.32	39.81	29.35
225	448.0000	39.27	47.55	48.03	37.98	44.90	51.81	40.27	29.36
226	450.0000	39.56	47.95	48.44	38.29	45.40	52.28	40.72	29.38
227	452.0000	39.83	48.34	48.84	38.60	45.89	52.74	41.16	29.40
228	454.0000	40.12	48.70	49.22	38.91	46.37	53.17	41.59	29.43
229	456.0000	40.39	49.05	49.58	39.22	46.84	53.58	42.01	29.46
230	458.0000	40.67	49.38	49.91	39.52	47.30	53.96	42.42	29.49
231	460.0000	40.95	49.69	50.22	39.82	47.74	54.31	42.81	29.53
232	462.0000	41.22	49.98	50.49	40.11	48.18	54.65	43.20	29.58
233	464.0000	41.49	50.25	50.76	40.40	48.59	54.97	43.57	29.62
234	466.0000	41.76	50.52	51.01	40.68	49.00	55.30	43.93	29.67
235	468.0000	42.02	50.78	51.26	40.95	49.39	55.62	44.27	29.72
236	470.0000	42.28	51.03	51.51	41.22	49.77	55.94	44.60	29.78
237	472.0000	42.54	51.28	51.74	41.49	50.15	56.25	44.92	29.84
238	474.0000	42.79	51.52	51.97	41.75	50.52	56.55	45.23	29.90
239	476.0000	43.05	51.76	52.19	42.00	50.87	56.85	45.53	29.96
240	478.0000	43.29	51.98	52.40	42.26	51.22	57.13	45.83	30.03
241	480.0000	43.54	52.21	52.61	42.51	51.57	57.40	46.11	30.10
242	482.0000	43.78	52.42	52.80	42.75	51.90	57.67	46.39	30.17
243	484.0000	44.02	52.63	53.00	42.99	52.23	57.93	46.65	30.25
244	486.0000	44.26	52.83	53.18	43.23	52.54	58.17	46.91	30.33
245	488.0000	44.49	53.03	53.35	43.46	52.85	58.40	47.16	30.41
246	490.0000	44.72	53.22	53.49	43.65	53.14	58.62	47.38	30.48
247	492.0000	44.95	53.40	53.63	43.87	53.43	58.82	47.59	30.55
248	494.0000	45.17	53.56	53.77	44.10	53.71	59.00	47.83	30.64
249	496.0000	45.39	53.71	53.91	44.32	53.97	59.17	48.05	30.74
250	498.0000	45.61	53.85	54.03	44.53	54.23	59.33	48.26	30.83
251	500.0000	45.82	53.99	54.14	44.73	54.47	59.48	48.46	30.92
252	502.0000	46.02	54.12	54.24	44.93	54.71	59.63	48.65	31.01
253	504.0000	46.22	54.25	54.34	45.12	54.93	59.77	48.83	31.10
254	506.0000	46.42	54.37	54.43	45.31	55.15	59.89	49.01	31.20
255	508.0000	46.59	54.46	54.47	45.44	55.33	60.00	49.13	31.28
256	510.0000	46.74	54.50	54.45	45.59	55.50	59.92	49.25	31.36
257	512.0000	46.88	54.35	54.19	45.73	55.62	59.31	49.34	31.46
258	514.0000	47.01	53.96	53.67	45.85	55.66	58.38	49.42	31.54
259	516.0000	47.12	53.43	52.96	45.94	55.56	57.34	49.45	31.64
260	518.0000	47.20	52.80	52.18	45.99	55.37	56.30	49.41	31.73
261	520.0000	47.25	52.15	51.36	45.99	55.09	55.30	49.31	31.81
262	522.0000	47.25	51.49	50.54	45.95	54.74	54.36	49.16	31.90
263	524.0000	47.21	50.84	49.75	45.87	54.36	53.50	48.94	31.99
264	526.0000	47.15	50.21	48.99	45.75	53.94	52.69	48.67	32.07
265	528.0000	47.05	49.62	48.27	45.59	53.51	51.96	48.37	32.16
266	530.0000	46.94	49.06	47.61	45.42	53.08	51.27	48.05	32.24
267	532.0000	46.81	48.53	46.98	45.23	52.63	50.63	47.70	32.32
268	534.0000	46.66	48.03	46.39	45.04	52.19	50.03	47.34	32.40
269	536.0000	46.51	47.56	45.85	44.83	51.73	49.48	46.98	32.49
270	538.0000	46.35	47.12	45.34	44.62	51.30	48.96	46.60	32.57
271	540.0000	46.18	46.70	44.86	44.41	50.86	48.47	46.23	32.65
272	542.0000	46.01	46.32	44.42	44.20	50.42	48.00	45.85	32.73
273	544.0000	45.83	45.95	44.00	43.97	50.00	47.57	45.48	32.80
274	546.0000	45.66	45.60	43.62	43.75	49.58	47.14	45.11	32.86
275	548.0000	45.48	45.27	43.26	43.51	49.17	46.74	44.75	32.92
276	550.0000	45.31	44.97	42.92	43.29	48.77	46.36	44.41	32.97
277	552.0000	45.13	44.68	42.60	43.06	48.36	45.99	44.07	33.01
278	554.0000	44.95	44.40	42.30	42.85	47.98	45.64	43.74	33.06
279	556.0000	44.77	44.14	42.02	42.63	47.61	45.30	43.41	33.11
280	558.0000	44.59	43.89	41.75	42.42	47.24	44.98	43.10	33.15
281	560.0000	44.42	43.66	41.50	42.20	46.88	44.67	42.79	33.19
282	562.0000	44.25	43.43	41.27	42.00	46.54	44.38	42.50	33.21
283	564.0000	44.08	43.23	41.05	41.79	46.21	44.09	42.21	33.24
284	566.0000	43.91	43.02	40.84	41.58	45.88	43.82	41.94	33.26
285	568.0000	43.75	42.83	40.64	41.38	45.56	43.56	41.68	33.28
286	570.0000	43.59	42.66	40.46	41.20	45.25	43.32	41.42	33.29
287	572.0000	43.42	42.48	40.28	41.03	44.95	43.08	41.16	33.31
288	574.0000	43.26	42.31	40.12	40.86	44.65	42.84	40.92	33.33
289	576.0000	43.09	42.15	39.96	40.69	44.37	42.62	40.69	33.35
290	578.0000	42.94	41.99	39.81	40.51	44.10	42.40	40.45	33.36
291	580.0000	42.78	41.84	39.66	40.34	43.83	42.18	40.23	33.37
292	582.0000	42.63	41.69	39.52	40.18	43.57	41.98	40.03	33.37
293	584.0000	42.48	41.55	39.39	40.02	43.32	41.78	39.83	33.37
294	586.0000	42.33	41.42	39.26	39.86	43.07	41.58	39.63	33.37
295	588.0000	42.19	41.28	39.13	39.72	42.83	41.40	39.44	33.37
296	590.0000	42.04	41.16	39.02	39.57	42.61	41.22	39.26	33.37
297	592.0000	41.90	41.04	38.91	39.41	42.38	41.05	39.09	33.36
298	594.0000	41.77	40.92	38.80	39.27	42.17	40.88	38.92	33.35
299	596.0000	41.64	40.80	38.70	39.13	41.95	40.72	38.78	33.34
300	598.0000	41.50	40.69	38.60	38.99	41.75	40.56	38.63	33.33
301	600.0000	41.37	40.59	38.51	38.86	41.55	40.41	38.49	33.32
302	602.0000	41.25	40.48	38.43	38.72	41.36	40.27	38.36	33.30
303	604.0000	41.12	40.38	38.33	38.58	41.17	40.13	38.23	33.28
304	606.0000	40.99	40.29	38.25	38.44	40.99	39.99	38.11	33.26
305	608.0000	40.86	40.19	38.17	38.31	40.81	39.86	37.99	33.24
306	610.0000	40.73	40.08	38.06	38.16	40.61	39.71	37.84	33.20
307	612.0000	40.60	40.02	38.02	38.02	40.40	39.77	37.71	33.17
308	614.0000	40.48	40.20	38.29	37.90	40.26	40.47	37.58	33.13
309	616.0000	40.37	40.65	38.87	37.80	40.25	41.57	37.51	33.11
310	618.0000	40.29	41.29	39.68	37.74	40.39	42.78	37.50	33.09
311	620.0000	40.25	42.02	40.58	37.72	40.66	43.98	37.56	33.07
312	622.0000	40.26	42.80	41.53	37.76	41.02	45.12	37.70	33.05
313	624.0000	40.31	43.58	42.47	37.86	41.44	46.15	37.91	33.03
314	626.0000	40.41	44.33	43.38	37.99	41.91	47.12	38.19	33.01
315	628.0000	40.54	45.06	44.26	38.17	42.40	48.05	38.53	32.99
316	630.0000	40.70	45.77	45.10	38.38	42.91	48.91	38.90	32.97
317	632.0000	40.89	46.45	45.89	38.62	43.45	49.72	39.31	32.96
318	634.0000	41.09	47.10	46.65	38.87	43.98	50.47	39.74	32.94
319	636.0000	41.31	47.70	47.36	39.15	44.52	51.17	40.21	32.93
320	638.0000	41.54	48.28	48.01	39.43	45.07	51.80	40.68	32.92
321	640.0000	41.79	48.80	48.60	39.72	45.60	52.36	41.15	32.91
322	642.0000	42.03	49.28	49.14	40.02	46.12	52.88	41.64	32.90
323	644.0000	42.29	49.73	49.64	40.32	46.63	53.37	42.11	32.90
324	646.0000	42.55	50.15	50.09	40.62	47.12	53.82	42.57	32.89
325	648.0000	42.81	50.54	50.52	40.92	47.60	54.26	43.03	32.90
326	650.0000	43.06	50.92	50.92	41.21	48.07	54.68	43.47	32.89
327	652.0000	43.32	51.26	51.28	41.50	48.53	55.06	43.91	32.91
328	654.0000	43.57	51.59	51.62	41.79	48.98	55.44	44.33	32.92
329	656.0000	43.82	51.90	51.94	42.07	49.40	55.80	44.74	32.93
330	658.0000	44.07	52.20	52.24	42.35	49.83	56.16	45.13	32.95
331	660.0000	44.31	52.47	52.53	42.62	50.23	56.47	45.51	32.97
332	662.0000	44.56	52.73	52.78	42.89	50.63	56.76	45.88	33.00
333	664.0000	44.79	52.97	53.01	43.16	51.01	57.04	46.24	33.03
334	666.0000	45.02	53.19	53.23	43.41	51.38	57.30	46.57	33.06
335	668.0000	45.26	53.41	53.44	43.66	51.73	57.56	46.90	33.10
336	670.0000	45.48	53.62	53.64	43.91	52.06	57.84	47.21	33.14
337	672.0000	45.70	53.84	53.85	44.14	52.40	58.14	47.51	33.19
338	674.0000	45.92	54.06	54.07	44.37	52.73	58.44	47.79	33.23
339	676.0000	46.14	54.28	54.29	44.61	53.06	58.74	48.08	33.28
340	678.0000	46.35	54.50	54.50	44.83	53.38	59.02	48.35	33.33
341	680.0000	46.57	54.72	54.71	45.05	53.70	59.30	48.62	33.39
342	682.0000	46.78	54.93	54.91	45.28	54.01	59.57	48.87	33.45
343	684.0000	46.99	55.13	55.10	45.50	54.32	59.83	49.13	33.51
344	686.0000	47.20	55.33	55.29	45.71	54.61	60.08	49.37	33.57
345	688.0000	47.41	55.52	55.47	45.93	54.91	60.32	49.61	33.64
346	690.0000	47.61	55.70	55.64	46.14	55.19	60.55	49.84	33.71
347	692.0000	47.82	55.88	55.81	46.34	55.46	60.77	50.07	33.77
348	694.0000	48.02	56.06	55.97	46.55	55.73	60.98	50.28	33.84
349	696.0000	48.22	56.22	56.12	46.74	55.99	61.19	50.50	33.91
350	698.0000	48.41	56.39	56.27	46.94	56.25	61.38	50.70	33.99
351	700.0000	48.61	56.55	56.41	47.14	56.50	61.57	50.91	34.07
352	702.0000	48.80	56.70	56.55	47.32	56.74	61.77	51.10	34.14
353	704.0000	48.98	56.86	56.69	47.50	56.97	61.97	51.29	34.22
354	706.0000	49.16	57.01	56.83	47.69	57.19	62.15	51.46	34.29
355	708.0000	49.33	57.15	56.95	47.86	57.40	62.30	51.63	34.37
356	710.0000	49.50	57.28	57.07	48.04	57.60	62.45	51.80	34.45
357	712.0000	49.65	57.39	57.11	48.15	57.78	62.56	51.90	34.50
358	714.0000	49.79	57.42	57.07	48.29	57.96	62.37	52.01	34.57
359	716.0000	49.93	57.21	56.76	48.43	58.08	61.66	52.12	34.64
360	718.0000	50.06	56.79	56.20	48.54	58.09	60.70	52.20	34.72
361	720.0000	50.16	56.23	55.47	48.62	57.97	59.67	52.22	34.79
362	722.0000	50.23	55.61	54.68	48.65	57.76	58.64	52.18	34.86
363	724.0000	50.25	54.95	53.87	48.64	57.46	57.67	52.08	34.92
364	726.0000	50.23	54.29	53.07	48.59	57.11	56.75	51.90	34.99
365	728.0000	50.19	53.65	52.29	48.50	56.72	55.90	51.68	35.07
366	730.0000	50.11	53.04	51.54	48.37	56.30	55.11	51.42	35.14
367	732.0000	50.02	52.46	50.84	48.20	55.87	54.39	51.13	35.21
368	734.0000	49.89	51.92	50.19	48.04	55.42	53.71	50.81	35.28
369	736.0000	49.75	51.40	49.58	47.84	54.96	53.08	50.46	35.35
370	738.0000	49.59	50.90	49.00	47.63	54.50	52.49	50.10	35.41
371	740.0000	49.43	50.44	48.47	47.42	54.04	51.93	49.72	35.48
372	742.0000	49.27	50.01	47.97	47.20	53.60	51.41	49.35	35.53
373	744.0000	49.10	49.61	47.51	46.97	53.16	50.92	48.96	35.59
374	746.0000	48.93	49.23	47.08	46.76	52.72	50.46	48.58	35.64
375	748.0000	48.76	48.87	46.68	46.55	52.30	50.03	48.21	35.69
376	750.0000	48.58	48.53	46.31	46.32	51.88	49.62	47.84	35.75
377	752.0000	48.40	48.21	45.96	46.10	51.47	49.22	47.48	35.80
378	754.0000	48.21	47.91	45.63	45.89	51.08	48.85	47.11	35.85
379	756.0000	48.02	47.62	45.31	45.67	50.69	48.50	46.74	35.90
380	758.0000	47.82	47.34	45.02	45.45	50.31	48.16	46.40	35.94
381	760.0000	47.63	47.08	44.74	45.24	49.95	47.83	46.05	35.99
382	762.0000	47.43	46.82	44.47	45.02	49.59	47.52	45.73	36.02
383	764.0000	47.24	46.58	44.23	44.81	49.24	47.22	45.42	36.06
384	766.0000	47.06	46.35	43.99	44.59	48.89	46.93	45.14	36.08
385	768.0000	46.89	46.14	43.78	44.37	48.57	46.64	44.87	36.09
386	770.0000	46.71	45.93	43.56	44.17	48.24	46.38	44.60	36.11
387	772.0000	46.54	45.73	43.36	43.98	47.93	46.11	44.33	36.13
388	774.0000	46.37	45.54	43.17	43.78	47.62	45.86	44.09	36.14
389	776.0000	46.19	45.36	42.99	43.57	47.32	45.61	43.85	36.13
390	778.0000	46.02	45.18	42.80	43.38	47.03	45.37	43.60	36.13
391	780.0000	45.85	45.01	42.63	43.20	46.74	45.13	43.37	36.13
392	782.0000	45.68	44.85	42.48	43.02	46.47	44.91	43.15	36.13
393	784.0000	45.52	44.69	42.32	42.85	46.20	44.69	42.92	36.12
394	786.0000	45.37	44.54	42.18	42.68	45.94	44.48	42.72	36.12
395	788.0000	45.22	44.40	42.04	42.52	45.69	44.28	42.53	36.11
396	790.0000	45.07	44.26	41.91	42.35	45.43	44.09	42.34	36.09
397	792.0000	44.93	44.13	41.78	42.18	45.19	43.89	42.15	36.07
398	794.0000	44.79	44.00	41.65	42.00	44.96	43.71	41.97	36.05
399	796.0000	44.64	43.87	41.53	41.84	44.72	43.53	41.80	36.03
400	798.0000	44.50	43.75	41.41	41.69	44.49	43.35	41.63	36.00
401	800.0000	44.36	43.63	41.30	41.54	44.27	43.18	41.48	35.98
402	802.0000	44.22	43.51	41.19	41.40	44.06	43.02	41.32	35.96
403	804.0000	44.07	43.38	41.07	41.26	43.86	42.85	41.13	35.94
404	806.0000	43.91	43.26	40.98	41.11	43.66	42.70	40.99	35.90
405	808.0000	43.76	43.14	40.87	40.97	43.46	42.55	40.83	35.87
406	810.0000	43.62	43.02	40.77	40.83	43.28	42.40	40.70	35.84
407	812.0000	43.49	42.91	40.69	40.70	43.09	42.26	40.57	35.81
408	814.0000	43.34	42.79	40.59	40.55	42.88	42.10	40.44	35.78
409	816.0000	43.17	42.68	40.51	40.42	42.65	42.07	40.30	35.74
410	818.0000	43.03	42.79	40.72	40.31	42.49	42.67	40.18	35.72
411	820.0000	42.91	43.19	41.26	40.20	42.45	43.71	40.10	35.70
412	822.0000	42.82	43.80	42.02	40.14	42.58	44.92	40.07	35.67
413	824.0000	42.77	44.52	42.93	40.12	42.82	46.13	40.12	35.64
414	826.0000	42.76	45.29	43.88	40.14	43.17	47.29	40.24	35.62
415	828.0000	42.80	46.07	44.83	40.23	43.59	48.38	40.44	35.60
416	830.0000	42.88	46.84	45.76	40.35	44.06	49.39	40.71	35.58
417	832.0000	43.00	47.58	46.65	40.53	44.57	50.34	41.03	35.56
418	834.0000	43.15	48.29	47.50	40.73	45.08	51.21	41.40	35.54
419	836.0000	43.33	48.98	48.30	40.96	45.62	52.01	41.80	35.53
420	838.0000	43.53	49.62	49.05	41.22	46.16	52.77	42.24	35.51
421	840.0000	43.75	50.23	49.76	41.49	46.71	53.48	42.69	35.49
422	842.0000	43.98	50.81	50.43	41.77	47.26	54.14	43.16	35.47
423	844.0000	44.21	51.36	51.05	42.06	47.80	54.76	43.63	35.46
424	846.0000	44.46	51.87	51.63	42.36	48.33	55.35	44.11	35.45
425	848.0000	44.72	52.36	52.18	42.66	48.87	55.91	44.60	35.44
426	850.0000	44.98	52.83	52.70	42.97	49.38	56.44	45.07	35.43
427	852.0000	45.24	53.26	53.18	43.27	49.90	56.95	45.54	35.43
428	854.0000	45.50	53.68	53.63	43.58	50.41	57.44	46.01	35.43
429	856.0000	45.76	54.08	54.06	43.88	50.91	57.90	46.46	35.44
430	858.0000	46.02	54.46	54.46	44.18	51.39	58.35	46.91	35.44
431	860.0000	46.28	54.81	54.84	44.48	51.86	58.78	47.34	35.46
432	862.0000	46.55	55.16	55.20	44.78	52.33	59.20	47.76	35.47
433	864.0000	46.81	55.49	55.54	45.07	52.78	59.61	48.18	35.49
434	866.0000	47.07	55.81	55.87	45.35	53.23	59.99	48.57	35.51
435	868.0000	47.32	56.12	56.19	45.64	53.66	60.36	48.96	35.54
436	870.0000	47.58	56.41	56.48	45.92	54.08	60.73	49.34	35.57
437	872.0000	47.83	56.70	56.77	46.20	54.50	61.09	49.70	35.60
438	874.0000	48.09	56.97	57.04	46.47	54.91	61.43	50.06	35.64
439	876.0000	48.34	57.24	57.30	46.74	55.30	61.76	50.40	35.68
440	878.0000	48.58	57.49	57.55	47.00	55.68	62.08	50.73	35.72
441	880.0000	48.83	57.74	57.79	47.27	56.07	62.39	51.06	35.77
442	882.0000	49.07	57.98	58.02	47.52	56.43	62.70	51.38	35.82
443	884.0000	49.31	58.21	58.25	47.77	56.79	62.99	51.68	35.88
444	886.0000	49.55	58.43	58.46	48.02	57.14	63.28	51.97	35.94
445	888.0000	49.77	58.65	58.66	48.27	57.48	63.55	52.26	36.00
446	890.0000	50.00	58.86	58.85	48.50	57.81	63.81	52.53	36.06
447	892.0000	50.23	59.06	59.04	48.73	58.13	64.07	52.79	36.13
448	894.0000	50.47	59.26	59.22	48.96	58.44	64.32	53.04	36.19
449	896.0000	50.69	59.45	59.39	49.18	58.75	64.56	53.28	36.26
450	898.0000	50.90	59.64	59.56	49.40	59.05	64.79	53.53	36.33
451	900.0000	51.11	59.82	59.73	49.62	59.34	65.02	53.77	36.41
452	902.0000	51.33	59.99	59.88	49.83	59.62	65.25	54.00	36.48
453	904.0000	51.54	60.17	60.03	50.03	59.90	65.46	54.21	36.56
454	906.0000	51.75	60.34	60.18	50.24	60.16	65.67	54.42	36.64
455	908.0000	51.95	60.50	60.32	50.44	60.43	65.86	54.62	36.72
456	910.0000	52.15	60.66	60.45	50.63	60.68	66.06	54.81	36.80
457	912.0000	52.35	60.82	60.59	50.83	60.93	66.25	55.01	36.88
458	914.0000	52.55	60.97	60.72	51.01	61.17	66.43	55.19	36.96
459	916.0000	52.72	61.08	60.77	51.14	61.37	66.49	55.32	37.02
460	918.0000	52.87	61.01	60.61	51.30	61.55	66.02	55.44	37.09
461	920.0000	53.02	60.68	60.14	51.43	61.63	65.13	55.55	37.16
462	922.0000	53.14	60.16	59.45	51.54	61.58	64.05	55.62	37.23
463	924.0000	53.23	59.52	58.62	51.60	61.42	62.95	55.62	37.30
464	926.0000	53.28	58.83	57.74	51.61	61.16	61.88	55.54	37.37
465	928.0000	53.29	58.12	56.87	51.57	60.82	60.86	55.41	37.44
466	930.0000	53.25	57.42	56.02	51.49	60.43	59.92	55.21	37.51
467	932.0000	53.19	56.74	55.20	51.37	60.00	59.04	54.94	37.58
468	934.0000	53.08	56.09	54.44	51.22	59.55	58.22	54.64	37.65
469	936.0000	52.96	55.47	53.70	51.06	59.09	57.46	54.28	37.72
470	938.0000	52.82	54.88	53.01	50.87	58.61	56.75	53.90	37.80
471	940.0000	52.66	54.33	52.37	50.66	58.15	56.10	53.52	37.87
472	942.0000	52.49	53.81	51.77	50.44	57.67	55.48	53.13	37.94
473	944.0000	52.32	53.32	51.20	50.22	57.20	54.91	52.72	38.00
474	946.0000	52.13	52.86	50.67	49.98	56.73	54.36	52.30	38.08
475	948.0000	51.94	52.42	50.18	49.74	56.27	53.84	51.89	38.14
476	950.0000	51.74	52.01	49.70	49.50	55.81	53.36	51.47	38.20
477	952.0000	51.54	51.62	49.27	49.26	55.36	52.89	51.06	38.26
478	954.0000	51.33	51.24	48.86	49.00	54.92	52.46	50.66	38.30
479	956.0000	51.12	50.90	48.49	48.75	54.48	52.03	50.28	38.34
480	958.0000	50.92	50.56	48.13	48.51	54.06	51.63	49.91	38.39
481	960.0000	50.72	50.25	47.80	48.26	53.64	51.25	49.55	38.42
482	962.0000	50.53	49.96	47.48	48.01	53.23	50.88	49.19	38.45
483	964.0000	50.33	49.68	47.18	47.77	52.82	50.52	48.84	38.47
484	966.0000	50.14	49.42	46.89	47.53	52.43	50.18	48.50	38.49
485	968.0000	49.94	49.17	46.62	47.30	52.03	49.85	48.18	38.50
486	970.0000	49.74	48.92	46.38	47.07	51.66	49.53	47.86	38.52
487	972.0000	49.54	48.70	46.14	46.86	51.29	49.22	47.55	38.53
488	974.0000	49.34	48.47	45.90	46.64	50.94	48.92	47.25	38.54
489	976.0000	49.14	48.25	45.69	46.44	50.60	48.64	46.95	38.55
490	978.0000	48.95	48.04	45.47	46.23	50.27	48.36	46.66	38.57
491	980.0000	48.76	47.84	45.28	46.02	49.95	48.11	46.39	38.56
492	982.0000	48.57	47.65	45.10	45.81	49.64	47.85	46.13	38.56
493	984.0000	48.39	47.47	44.91	45.60	49.34	47.60	45.89	38.55
494	986.0000	48.21	47.29	44.75	45.40	49.04	47.37	45.66	38.54
495	988.0000	48.03	47.12	44.58	45.21	48.76	47.14	45.42	38.53
496	990.0000	47.85	46.95	44.42	45.02	48.48	46.92	45.19	38.52
497	992.0000	47.67	46.79	44.27	44.84	48.21	46.71	44.97	38.50
498	994.0000	47.50	46.64	44.13	44.66	47.94	46.50	44.78	38.48
499	996.0000	47.33	46.49	43.99	44.48	47.68	46.30	44.57	38.46
500	998.0000	47.16	46.34	43.85	44.30	47.44	46.10	44.37	38.44
501	1000.0000	46.99	46.19	43.71	44.13	47.18	45.91	44.17	38.40
502	1002.0000	46.81	46.05	43.58	43.95	46.94	45.72	43.97	38.37
503	1004.0000	46.64	45.91	43.45	43.77	46.70	45.54	43.77	38.34
504	1006.0000	46.48	45.76	43.33	43.60	46.47	45.36	43.60	38.31
505	1008.0000	46.31	45.63	43.21	43.43	46.24	45.18	43.44	38.28
506	1010.0000	46.14	45.50	43.10	43.27	46.03	45.01	43.28	38.24
507	1012.0000	45.98	45.37	42.98	43.12	45.82	44.85	43.10	38.21
508	1014.0000	45.83	45.24	42.87	42.96	45.61	44.69	42.96	38.18
509	1016.0000	45.68	45.12	42.76	42.79	45.41	44.53	42.82	38.14
510	1018.0000	45.52	44.97	42.65	42.62	45.17	44.38	42.65	38.08
511	1020.0000	45.37	44.99	42.72	42.47	44.96	44.76	42.51	38.03
512	1022.0000	45.23	45.29	43.15	42.33	44.86	45.69	42.39	37.99
513	1024.0000	45.12	45.84	43.85	42.23	44.90	46.84	42.33	37.94
514	1026.0000	45.04	46.52	44.71	42.17	45.09	48.06	42.34	37.91
515	1028.0000	45.01	47.28	45.65	42.17	45.40	49.23	42.42	37.87
516	1030.0000	45.02	48.07	46.60	42.22	45.79	50.35	42.60	37.83
517	1032.0000	45.08	48.83	47.55	42.32	46.23	51.38	42.84	37.80
518	1034.0000	45.18	49.59	48.46	42.47	46.71	52.34	43.14	37.76
519	1036.0000	45.32	50.30	49.32	42.66	47.22	53.22	43.49	37.73
520	1038.0000	45.48	50.99	50.12	42.87	47.73	54.03	43.89	37.70
521	1040.0000	45.67	51.63	50.89	43.11	48.27	54.79	44.31	37.67
522	1042.0000	45.87	52.24	51.59	43.37	48.80	55.49	44.76	37.65
523	1044.0000	46.10	52.82	52.25	43.64	49.33	56.13	45.21	37.62
524	1046.0000	46.32	53.36	52.87	43.92	49.86	56.75	45.68	37.60
525	1048.0000	46.56	53.87	53.45	44.21	50.38	57.32	46.15	37.58
526	1050.0000	46.80	54.35	53.98	44.50	50.89	57.86	46.63	37.57
527	1052.0000	47.05	54.80	54.49	44.80	51.40	58.37	47.09	37.55
528	1054.0000	47.30	55.22	54.95	45.09	51.90	58.85	47.55	37.54
529	1056.0000	47.55	55.62	55.39	45.39	52.38	59.30	48.02	37.53
530	1058.0000	47.80	56.00	55.79	45.68	52.86	59.74	48.46	37.53
531	1060.0000	48.05	56.36	56.17	45.96	53.32	60.16	48.89	37.53
532	1062.0000	48.31	56.69	56.53	46.25	53.77	60.55	49.31	37.53
533	1064.0000	48.55	57.01	56.86	46.54	54.21	60.93	49.73	37.54
534	1066.0000	48.80	57.32	57.18	46.82	54.64	61.29	50.13	37.55
535	1068.0000	49.05	57.60	57.47	47.10	55.05	61.62	50.52	37.56
536	1070.0000	49.29	57.87	57.75	47.36	55.46	61.96	50.89	37.58
537	1072.0000	49.53	58.14	58.01	47.63	55.85	62.28	51.25	37.60
538	1074.0000	49.77	58.39	58.26	47.89	56.23	62.60	51.60	37.63
539	1076.0000	50.00	58.63	58.49	48.14	56.61	62.90	51.93	37.66
540	1078.0000	50.24	58.87	58.72	48.39	56.97	63.19	52.25	37.69
541	1080.0000	50.46	59.10	58.94	48.63	57.33	63.48	52.57	37.73
542	1082.0000	50.69	59.31	59.15	48.87	57.67	63.75	52.87	37.77
543	1084.0000	50.91	59.52	59.35	49.12	58.01	64.02	53.15	37.81
544	1086.0000	51.13	59.72	59.54	49.35	58.34	64.27	53.44	37.86
545	1088.0000	51.34	59.92	59.73	49.58	58.66	64.52	53.70	37.91
546	1090.0000	51.56	60.11	59.90	49.80	58.97	64.77	53.96	37.96
547	1092.0000	51.76	60.29	60.07	50.02	59.27	65.00	54.21	38.02
548	1094.0000	51.97	60.47	60.24	50.23	59.56	65.23	54.46	38.07
549	1096.0000	52.18	60.64	60.39	50.44	59.85	65.45	54.69	38.13
550	1098.0000	52.38	60.81	60.54	50.65	60.12	65.66	54.92	38.19
551	1100.0000	52.58	60.98	60.69	50.85	60.39	65.87	55.13	38.26
552	1102.0000	52.77	61.13	60.83	51.05	60.65	66.06	55.34	38.32
553	1104.0000	52.96	61.29	60.96	51.25	60.91	66.26	55.55	38.39
554	1106.0000	53.16	61.44	61.09	51.44	61.16	66.44	55.74	38.46
555	1108.0000	53.34	61.58	61.22	51.62	61.40	66.63	55.93	38.53
556	1110.0000	53.53	61.73	61.34	51.80	61.63	66.80	56.11	38.60
557	1112.0000	53.72	61.87	61.46	51.98	61.85	66.97	56.29	38.67
558	1114.0000	53.89	62.00	61.57	52.15	62.07	67.13	56.46	38.75
559	1116.0000	54.07	62.13	61.69	52.33	62.29	67.29	56.62	38.82
560	1118.0000	54.24	62.26	61.80	52.50	62.50	67.45	56.78	38.90
561	1120.0000	54.40	62.38	61.86	52.63	62.68	67.58	56.91	38.96
562	1122.0000	54.53	62.45	61.89	52.73	62.83	67.62	57.00	39.02
563	1124.0000	54.66	62.37	61.71	52.85	62.96	67.16	57.10	39.07
564	1126.0000	54.76	62.04	61.26	52.96	63.00	66.28	57.18	39.14
565	1128.0000	54.86	61.52	60.58	53.05	62.93	65.24	57.22	39.21
566	1130.0000	54.93	60.89	59.78	53.09	62.75	64.15	57.19	39.28
567	1132.0000	54.95	60.21	58.93	53.08	62.47	63.11	57.09	39.34
568	1134.0000	54.94	59.52	58.08	53.03	62.13	62.12	56.94	39.40
569	1136.0000	54.89	58.83	57.24	52.94	61.73	61.19	56.70	39.47
570	1138.0000	54.80	58.16	56.43	52.81	61.31	60.34	56.42	39.55
571	1140.0000	54.69	57.52	55.66	52.64	60.86	59.53	56.10	39.61
572	1142.0000	54.55	56.92	54.96	52.45	60.40	58.80	55.76	39.67
573	1144.0000	54.39	56.35	54.28	52.25	59.93	58.11	55.40	39.73
574	1146.0000	54.22	55.79	53.67	52.04	59.46	57.46	55.02	39.79
575	1148.0000	54.03	55.28	53.08	51.81	58.99	56.86	54.62	39.85
576	1150.0000	53.84	54.79	52.53	51.58	58.51	56.29	54.23	39.92
577	1152.0000	53.64	54.32	52.00	51.33	58.05	55.74	53.80	39.97
578	1154.0000	53.44	53.88	51.52	51.08	57.58	55.22	53.39	40.02
579	1156.0000	53.23	53.48	51.06	50.83	57.13	54.74	52.99	40.07
580	1158.0000	53.02	53.09	50.64	50.58	56.67	54.28	52.58	40.11
581	1160.0000	52.82	52.72	50.24	50.32	56.23	53.84	52.19	40.16
582	1162.0000	52.61	52.38	49.87	50.06	55.80	53.43	51.82	40.19
583	1164.0000	52.40	52.05	49.51	49.80	55.39	53.03	51.46	40.22
584	1166.0000	52.19	51.73	49.17	49.53	54.98	52.65	51.10	40.24
585	1168.0000	51.97	51.44	48.85	49.28	54.56	52.29	50.75	40.26
586	1170.0000	51.77	51.16	48.55	49.03	54.17	51.94	50.41	40.28
587	1172.0000	51.55	50.89	48.26	48.78	53.79	51.59	50.07	40.29
588	1174.0000	51.34	50.62	47.98	48.53	53.40	51.27	49.75	40.30
589	1176.0000	51.13	50.38	47.72	48.30	53.03	50.95	49.43	40.31
590	1178.0000	50.92	50.13	47.47	48.05	52.66	50.64	49.11	40.31
591	1180.0000	50.71	49.90	47.23	47.82	52.30	50.34	48.81	40.30
592	1182.0000	50.51	49.68	47.01	47.60	51.96	50.05	48.52	40.30
593	1184.0000	50.31	49.47	46.79	47.39	51.62	49.78	48.25	40.30
594	1186.0000	50.11	49.27	46.58	47.17	51.30	49.51	47.97	40.29
595	1188.0000	49.92	49.07	46.39	46.95	50.98	49.25	47.70	40.27
596	1190.0000	49.72	48.88	46.20	46.75	50.68	48.99	47.46	40.25
597	1192.0000	49.54	48.70	46.02	46.55	50.38	48.75	47.22	40.23
598	1194.0000	49.36	48.52	45.85	46.35	50.09	48.52	46.97	40.22
599	1196.0000	49.17	48.34	45.69	46.17	49.79	48.29	46.74	40.21
600	1198.0000	48.98	48.17	45.51	45.99	49.51	48.06	46.50	40.20
601	1200.0000	48.81	48.01	45.36	45.80	49.23	47.84	46.29	40.17
602	1202.0000	48.62	47.83	45.22	45.61	48.97	47.63	46.08	40.14
603	1204.0000	48.44	47.67	45.08	45.43	48.71	47.42	45.89	40.11
604	1206.0000	48.27	47.51	44.94	45.25	48.46	47.22	45.69	40.08
605	1208.0000	48.09	47.36	44.80	45.08	48.22	47.03	45.50	40.06
606	1210.0000	47.92	47.21	44.66	44.91	47.98	46.84	45.30	40.02
607	1212.0000	47.75	47.06	44.53	44.74	47.75	46.66	45.12	39.99
608	1214.0000	47.58	46.92	44.40	44.58	47.53	46.48	44.94	39.95
609	1216.0000	47.42	46.79	44.27	44.42	47.31	46.31	44.74	39.92
610	1218.0000	47.26	46.66	44.14	44.26	47.09	46.14	44.57	39.88
611	1220.0000	47.09	46.52	44.01	44.08	46.87	45.97	44.40	39.83
612	1222.0000	46.92	46.35	43.88	43.91	46.62	45.77	44.22	39.76
613	1224.0000	46.75	46.31	43.90	43.74	46.39	45.99	44.07	39.71
614	1226.0000	46.62	46.55	44.26	43.59	46.25	46.83	43.94	39.66
615	1228.0000	46.49	47.05	44.91	43.48	46.27	47.96	43.86	39.62
616	1230.0000	46.41	47.71	45.75	43.40	46.42	49.16	43.85	39.57
617	1232.0000	46.36	48.45	46.68	43.38	46.70	50.34	43.92	39.53
618	1234.0000	46.37	49.22	47.62	43.42	47.07	51.45	44.07	39.49
619	1236.0000	46.41	49.99	48.56	43.51	47.49	52.47	44.29	39.45
620	1238.0000	46.50	50.72	49.44	43.64	47.95	53.40	44.57	39.41
621	1240.0000	46.62	51.41	50.28	43.82	48.44	54.23	44.91	39.38
622	1242.0000	46.77	52.06	51.05	44.02	48.94	55.00	45.28	39.34
623	1244.0000	46.94	52.68	51.78	44.25	49.44	55.73	45.68	39.30
624	1246.0000	47.14	53.28	52.47	44.49	49.94	56.42	46.10	39.27
625	1248.0000	47.34	53.83	53.12	44.75	50.45	57.07	46.54	39.24
626	1250.0000	47.56	54.36	53.73	45.01	50.96	57.67	46.99	39.21
627	1252.0000	47.78	54.87	54.30	45.28	51.46	58.25	47.44	39.19
628	1254.0000	48.01	55.35	54.84	45.56	51.96	58.79	47.90	39.16
629	1256.0000	48.25	55.79	55.35	45.85	52.46	59.30	48.35	39.15
630	1258.0000	48.49	56.22	55.81	46.13	52.94	59.78	48.81	39.13
631	1260.0000	48.73	56.61	56.25	46.42	53.42	60.23	49.25	39.11
632	1262.0000	48.97	56.99	56.65	46.70	53.88	60.66	49.69	39.10
633	1264.0000	49.21	57.34	57.04	46.98	54.34	61.09	50.11	39.10
634	1266.0000	49.45	57.69	57.41	47.26	54.78	61.52	50.52	39.09
635	1268.0000	49.69	58.04	57.78	47.54	55.22	61.95	50.93	39.09
636	1270.0000	49.93	58.38	58.14	47.81	55.65	62.38	51.32	39.09
637	1272.0000	50.17	58.71	58.48	48.09	56.09	62.79	51.71	39.11
638	1274.0000	50.42	59.03	58.82	48.36	56.51	63.19	52.08	39.12
639	1276.0000	50.65	59.34	59.13	48.63	56.93	63.57	52.45	39.13
640	1278.0000	50.90	59.63	59.43	48.89	57.34	63.94	52.81	39.15
641	1280.0000	51.13	59.92	59.72	49.16	57.74	64.29	53.16	39.17
642	1282.0000	51.37	60.19	59.99	49.42	58.13	64.63	53.50	39.20
643	1284.0000	51.61	60.45	60.25	49.68	58.51	64.96	53.82	39.23
644	1286.0000	51.84	60.70	60.50	49.93	58.89	65.27	54.15	39.27
645	1288.0000	52.08	60.94	60.74	50.18	59.25	65.57	54.46	39.30
646	1290.0000	52.30	61.18	60.97	50.43	59.60	65.86	54.76	39.35
647	1292.0000	52.53	61.41	61.18	50.67	59.95	66.15	55.06	39.39
648	1294.0000	52.76	61.62	61.39	50.91	60.29	66.42	55.34	39.44
649	1296.0000	52.98	61.83	61.59	51.14	60.61	66.69	55.62	39.49
650	1298.0000	53.20	62.04	61.78	51.37	60.94	66.94	55.88	39.54
651	1300.0000	53.42	62.23	61.96	51.60	61.25	67.19	56.13	39.60
652	1302.0000	53.63	62.43	62.14	51.82	61.55	67.43	56.38	39.65
653	1304.0000	53.84	62.61	62.30	52.03	61.85	67.66	56.61	39.71
654	1306.0000	54.05	62.79	62.46	52.25	62.14	67.89	56.85	39.77
655	1308.0000	54.26	62.96	62.62	52.46	62.42	68.10	57.07	39.84
656	1310.0000	54.46	63.13	62.76	52.67	62.69	68.31	57.29	39.90
657	1312.0000	54.66	63.30	62.91	52.87	62.95	68.51	57.49	39.97
658	1314.0000	54.86	63.46	63.04	53.06	63.21	68.71	57.69	40.03
659	1316.0000	55.05	63.62	63.18	53.25	63.45	68.90	57.89	40.10
660	1318.0000	55.24	63.77	63.31	53.44	63.70	69.08	58.08	40.18
661	1320.0000	55.43	63.92	63.44	53.62	63.94	69.27	58.26	40.25
662	1322.0000	55.61	64.07	63.56	53.80	64.16	69.44	58.43	40.32
663	1324.0000	55.77	64.18	63.61	53.91	64.35	69.58	58.55	40.38
664	1326.0000	55.90	64.23	63.61	54.05	64.53	69.49	58.65	40.43
665	1328.0000	56.03	64.05	63.33	54.17	64.66	68.84	58.75	40.49
666	1330.0000	56.15	63.63	62.77	54.28	64.68	67.86	58.84	40.55
667	1332.0000	56.23	63.04	62.03	54.34	64.57	66.74	58.87	40.60
668	1334.0000	56.29	62.37	61.19	54.39	64.36	65.63	58.84	40.65
669	1336.0000	56.31	61.65	60.31	54.38	64.07	64.57	58.73	40.71
670	1338.0000	56.29	60.93	59.43	54.32	63.70	63.57	58.55	40.78
671	1340.0000	56.23	60.22	58.57	54.21	63.30	62.63	58.29	40.84
672	1342.0000	56.13	59.54	57.76	54.07	62.85	61.77	58.00	40.91
673	1344.0000	56.02	58.89	56.98	53.90	62.38	60.97	57.67	40.97
674	1346.0000	55.87	58.27	56.26	53.71	61.90	60.21	57.32	41.04
675	1348.0000	55.70	57.68	55.57	53.51	61.41	59.51	56.94	41.09
676	1350.0000	55.53	57.12	54.93	53.28	60.92	58.85	56.54	41.15
677	1352.0000	55.34	56.60	54.31	53.04	60.43	58.23	56.10	41.20
678	1354.0000	55.14	56.10	53.75	52.78	59.94	57.65	55.69	41.25
679	1356.0000	54.92	55.63	53.23	52.52	59.45	57.11	55.26	41.30
680	1358.0000	54.70	55.19	52.72	52.25	58.97	56.59	54.84	41.34
681	1360.0000	54.48	54.76	52.26	51.99	58.49	56.09	54.41	41.39
682	1362.0000	54.25	54.36	51.82	51.73	58.03	55.62	53.99	41.43
683	1364.0000	54.03	53.99	51.42	51.45	57.57	55.17	53.59	41.45
684	1366.0000	53.82	53.64	51.03	51.19	57.12	54.74	53.18	41.48
685	1368.0000	53.62	53.30	50.68	50.94	56.67	54.32	52.80	41.50
686	1370.0000	53.41	52.99	50.35	50.70	56.23	53.91	52.43	41.52
687	1372.0000	53.20	52.69	50.05	50.46	55.80	53.53	52.07	41.54
688	1374.0000	53.00	52.40	49.76	50.22	55.40	53.16	51.72	41.56
689	1376.0000	52.79	52.12	49.46	49.98	55.00	52.81	51.38	41.58
690	1378.0000	52.57	51.85	49.18	49.75	54.61	52.47	51.01	41.59
691	1380.0000	52.35	51.59	48.91	49.52	54.24	52.14	50.67	41.60
692	1382.0000	52.14	51.34	48.64	49.28	53.87	51.83	50.34	41.61
693	1384.0000	51.93	51.11	48.40	49.06	53.51	51.53	50.02	41.61
694	1386.0000	51.72	50.87	48.16	48.82	53.16	51.23	49.72	41.61
695	1388.0000	51.51	50.66	47.95	48.59	52.82	50.95	49.42	41.60
696	1390.0000	51.31	50.45	47.74	48.38	52.49	50.67	49.15	41.59
697	1392.0000	51.11	50.25	47.55	48.17	52.17	50.40	48.88	41.58
698	1394.0000	50.92	50.05	47.37	47.96	51.86	50.15	48.63	41.57
699	1396.0000	50.73	49.87	47.19	47.77	51.55	49.89	48.39	41.55
700	1398.0000	50.55	49.68	47.01	47.57	51.25	49.65	48.14	41.53
701	1400.0000	50.36	49.51	46.84	47.36	50.96	49.41	47.91	41.51
702	1402.0000	50.18	49.33	46.68	47.17	50.67	49.19	47.68	41.48
703	1404.0000	50.00	49.16	46.52	46.97	50.39	48.96	47.48	41.46
704	1406.0000	49.82	49.00	46.36	46.78	50.13	48.75	47.27	41.42
705	1408.0000	49.63	48.84	46.21	46.60	49.86	48.55	47.07	41.39
706	1410.0000	49.46	48.69	46.06	46.41	49.61	48.35	46.86	41.35
707	1412.0000	49.28	48.53	45.92	46.23	49.36	48.15	46.67	41.32
708	1414.0000	49.11	48.39	45.79	46.05	49.13	47.97	46.50	41.27
709	1416.0000	48.94	48.25	45.66	45.89	48.89	47.78	46.32	41.23
710	1418.0000	48.78	48.11	45.54	45.73	48.66	47.60	46.14	41.19
711	1420.0000	48.61	47.97	45.41	45.57	48.44	47.43	45.97	41.15
712	1422.0000	48.45	47.84	45.30	45.41	48.23	47.26	45.82	41.11
713	1424.0000	48.30	47.71	45.17	45.25	48.02	47.09	45.64	41.06
714	1426.0000	48.08	47.53	45.02	45.06	47.72	46.88	45.44	40.99
715	1428.0000	47.88	47.46	45.02	44.89	47.46	47.08	45.27	40.94
716	1430.0000	47.71	47.68	45.36	44.73	47.29	47.90	45.13	40.88
717	1432.0000	47.58	48.17	46.01	44.60	47.28	49.01	45.04	40.83
718	1434.0000	47.48	48.82	46.85	44.52	47.42	50.20	45.01	40.77
719	1436.0000	47.42	49.56	47.78	44.49	47.68	51.39	45.07	40.73
720	1438.0000	47.42	50.34	48.73	44.51	48.04	52.51	45.21	40.68
721	1440.0000	47.46	51.11	49.68	44.60	48.46	53.55	45.42	40.63
722	1442.0000	47.54	51.86	50.60	44.73	48.93	54.52	45.70	40.59
723	1444.0000	47.66	52.58	51.47	44.90	49.42	55.42	46.03	40.54
724	1446.0000	47.81	53.28	52.30	45.10	49.93	56.25	46.41	40.51
725	1448.0000	47.98	53.94	53.07	45.33	50.45	57.03	46.82	40.47
726	1450.0000	48.18	54.56	53.81	45.58	50.98	57.76	47.25	40.43
727	1452.0000	48.39	55.16	54.50	45.85	51.51	58.44	47.70	40.39
728	1454.0000	48.61	55.72	55.15	46.12	52.04	59.07	48.17	40.36
729	1456.0000	48.85	56.25	55.75	46.40	52.57	59.66	48.64	40.33
730	1458.0000	49.09	56.73	56.30	46.69	53.08	60.20	49.12	40.30
731	1460.0000	49.33	57.19	56.80	46.98	53.59	60.70	49.59	40.28
732	1462.0000	49.58	57.60	57.26	47.28	54.09	61.16	50.06	40.26
733	1464.0000	49.82	57.99	57.67	47.57	54.57	61.57	50.51	40.24
734	1466.0000	50.07	58.35	58.06	47.86	55.04	61.98	50.96	40.23
735	1468.0000	50.33	58.69	58.42	48.15	55.50	62.36	51.38	40.21
736	1470.0000	50.57	59.01	58.75	48.43	55.93	62.73	51.80	40.20
737	1472.0000	50.81	59.32	59.07	48.70	56.36	63.11	52.20	40.20
738	1474.0000	51.05	59.61	59.38	48.97	56.78	63.47	52.60	40.20
739	1476.0000	51.29	59.90	59.67	49.24	57.20	63.81	52.97	40.21
740	1478.0000	51.53	60.17	59.94	49.50	57.59	64.14	53.34	40.22
741	1480.0000	51.76	60.43	60.20	49.76	57.99	64.46	53.70	40.23
742	1482.0000	51.99	60.67	60.45	50.02	58.37	64.77	54.04	40.25
743	1484.0000	52.22	60.91	60.68	50.27	58.73	65.07	54.37	40.27
744	1486.0000	52.44	61.14	60.90	50.51	59.10	65.35	54.68	40.29
745	1488.0000	52.66	61.36	61.12	50.76	59.44	65.63	54.99	40.32
746	1490.0000	52.89	61.57	61.32	50.99	59.79	65.90	55.29	40.35
747	1492.0000	53.11	61.78	61.52	51.22	60.12	66.17	55.57	40.39
748	1494.0000	53.32	61.98	61.71	51.44	60.44	66.44	55.85	40.43
749	1496.0000	53.53	62.18	61.91	51.67	60.76	66.70	56.11	40.47
750	1498.0000	53.74	62.37	62.08	51.89	61.07	66.94	56.37	40.52
751	1500.0000	53.95	62.55	62.25	52.10	61.37	67.18	56.62	40.56
752	1502.0000	54.16	62.73	62.41	52.32	61.67	67.41	56.86	40.61
753	1504.0000	54.36	62.91	62.57	52.52	61.95	67.63	57.09	40.66
754	1506.0000	54.56	63.07	62.72	52.73	62.23	67.84	57.31	40.72
755	1508.0000	54.75	63.23	62.87	52.92	62.50	68.04	57.53	40.78
756	1510.0000	54.95	63.39	63.00	53.12	62.75	68.24	57.74	40.84
757	1512.0000	55.14	63.54	63.14	53.31	63.01	68.43	57.93	40.90
758	1514.0000	55.33	63.69	63.26	53.49	63.25	68.61	58.13	40.96
759	1516.0000	55.51	63.83	63.39	53.68	63.49	68.79	58.32	41.03
760	1518.0000	55.69	63.97	63.51	53.86	63.73	68.97	58.50	41.09
761	1520.0000	55.87	64.11	63.63	54.04	63.95	69.14	58.67	41.15
762	1522.0000	56.05	64.25	63.74	54.21	64.17	69.30	58.85	41.22
763	1524.0000	56.22	64.38	63.84	54.38	64.39	69.46	59.00	41.29
764	1526.0000	56.39	64.50	63.95	54.54	64.60	69.61	59.16	41.36
765	1528.0000	56.56	64.63	64.04	54.70	64.80	69.76	59.31	41.43
766	1530.0000	56.69	64.71	64.08	54.79	64.94	69.86	59.40	41.47
767	1532.0000	56.81	64.72	64.02	54.89	65.09	69.64	59.50	41.52
768	1534.0000	56.93	64.49	63.66	54.98	65.18	68.90	59.58	41.56
769	1536.0000	57.03	64.04	63.06	55.06	65.17	67.91	59.64	41.61
770	1538.0000	57.10	63.45	62.28	55.12	65.03	66.83	59.64	41.67
771	1540.0000	57.14	62.78	61.45	55.13	64.79	65.76	59.57	41.73
772	1542.0000	57.14	62.08	60.58	55.09	64.47	64.74	59.44	41.79
773	1544.0000	57.10	61.38	59.74	55.01	64.09	63.77	59.24	41.84
774	1546.0000	57.02	60.69	58.91	54.89	63.67	62.88	58.99	41.90
775	1548.0000	56.91	60.03	58.12	54.75	63.22	62.05	58.67	41.96
776	1550.0000	56.78	59.40	57.38	54.57	62.76	61.28	58.34	42.02
777	1552.0000	56.62	58.81	56.68	54.37	62.28	60.55	57.97	42.08
778	1554.0000	56.46	58.24	56.02	54.16	61.80	59.88	57.55	42.13
779	1556.0000	56.27	57.69	55.40	53.93	61.32	59.24	57.14	42.19
780	1558.0000	56.08	57.19	54.81	53.69	60.84	58.65	56.73	42.24
781	1560.0000	55.87	56.71	54.27	53.43	60.36	58.09	56.32	42.29
782	1562.0000	55.66	56.25	53.77	53.18	59.89	57.56	55.90	42.34
783	1564.0000	55.45	55.82	53.30	52.92	59.42	57.06	55.50	42.38
784	1566.0000	55.24	55.42	52.84	52.66	58.95	56.59	55.07	42.41
785	1568.0000	55.02	55.03	52.42	52.39	58.50	56.13	54.64	42.45
786	1570.0000	54.79	54.66	52.01	52.13	58.05	55.70	54.22	42.49
787	1572.0000	54.56	54.30	51.65	51.87	57.62	55.28	53.83	42.52
788	1574.0000	54.34	53.97	51.29	51.63	57.19	54.87	53.44	42.54
789	1576.0000	54.13	53.66	50.96	51.38	56.77	54.50	53.07	42.57
790	1578.0000	53.91	53.36	50.64	51.12	56.36	54.12	52.71	42.59
791	1580.0000	53.69	53.07	50.35	50.88	55.97	53.77	52.36	42.61
792	1582.0000	53.48	52.81	50.06	50.64	55.58	53.44	52.01	42.62
793	1584.0000	53.26	52.55	49.80	50.40	55.20	53.12	51.68	42.63
794	1586.0000	53.06	52.30	49.55	50.14	54.83	52.80	51.37	42.63
795	1588.0000	52.85	52.07	49.31	49.91	54.47	52.49	51.07	42.62
796	1590.0000	52.63	51.84	49.08	49.68	54.11	52.20	50.78	42.61
797	1592.0000	52.42	51.62	48.85	49.45	53.77	51.91	50.49	42.60
798	1594.0000	52.22	51.41	48.64	49.23	53.44	51.64	50.21	42.59
799	1596.0000	52.02	51.20	48.43	49.03	53.12	51.38	49.94	42.58
800	1598.0000	51.83	51.01	48.25	48.82	52.81	51.11	49.68	42.56
801	1600.0000	51.64	50.83	48.08	48.61	52.49	50.86	49.44	42.55
802	1602.0000	51.44	50.64	47.90	48.41	52.19	50.62	49.20	42.53
803	1604.0000	51.25	50.46	47.73	48.22	51.89	50.37	48.97	42.51
804	1606.0000	51.07	50.29	47.57	48.02	51.60	50.14	48.74	42.48
805	1608.0000	50.89	50.12	47.41	47.82	51.32	49.92	48.51	42.45
806	1610.0000	50.71	49.96	47.27	47.64	51.03	49.70	48.31	42.42
807	1612.0000	50.52	49.80	47.12	47.44	50.77	49.49	48.11	42.38
808	1614.0000	50.35	49.64	46.99	47.26	50.50	49.28	47.92	42.34
809	1616.0000	50.18	49.49	46.86	47.08	50.24	49.08	47.73	42.29
810	1618.0000	50.01	49.34	46.73	46.90	50.00	48.89	47.55	42.25
811	1620.0000	49.82	49.19	46.59	46.73	49.77	48.70	47.36	42.21
812	1622.0000	49.65	49.04	46.46	46.55	49.54	48.51	47.18	42.16
813	1624.0000	49.47	48.90	46.34	46.38	49.31	48.33	47.02	42.10
814	1626.0000	49.31	48.75	46.21	46.21	49.09	48.15	46.85	42.06
815	1628.0000	49.15	48.62	46.09	46.06	48.88	47.98	46.67	42.02
