#Zeit (s)  T_5 (°C) T_6(°C)
0.0000	    24.91	25.52
2.0000	    24.94	25.62
4.0000	    24.98	25.91
6.0000	    25.04	26.35
8.0000	    25.18	26.89
10.0000	    25.37	27.48
12.0000	    25.61	28.09
14.0000	    25.90	28.68
16.0000	    26.22	29.26
18.0000	    26.56	29.82
20.0000	    26.92	30.36
22.0000	    27.31	30.88
24.0000	    27.69	31.37
26.0000	    28.08	31.84
28.0000	    28.48	32.29
30.0000	    28.88	32.72
32.0000	    29.28	33.13
34.0000	    29.67	33.53
36.0000	    30.06	33.92
38.0000	    30.45	34.30
40.0000	    30.83	34.67
42.0000	    31.22	35.02
44.0000	    31.59	35.23
46.0000	    31.94	35.28
48.0000	    32.24	35.19
50.0000	    32.47	35.02
52.0000	    32.66	34.79
54.0000	    32.79	34.54
56.0000	    32.88	34.29
58.0000	    32.93	34.04
60.0000	    32.96	33.81
62.0000	    32.96	33.59
64.0000	    32.94	33.40
66.0000	    32.90	33.21
68.0000	    32.86	33.05
70.0000	    32.80	32.90
72.0000	    32.75	32.76
74.0000	    32.68	32.62
76.0000	    32.60	32.50
78.0000	    32.54	32.40
80.0000	    32.47	32.29
82.0000	    32.39	32.20
84.0000	    32.31	32.13
86.0000	    32.22	32.25
88.0000	    32.18	32.56
90.0000	    32.20	32.99
92.0000	    32.29	33.49
94.0000	    32.44	34.02
96.0000	    32.62	34.55
98.0000	    32.86	35.06
100.0000	33.11	35.57
102.0000	33.40	36.04
104.0000	33.69	36.48
106.0000	34.00	36.92
108.0000	34.31	37.32
110.0000	34.64	37.72
112.0000	34.96	38.09
114.0000	35.28	38.45
116.0000	35.61	38.79
118.0000	35.93	39.12
120.0000	36.25	39.45
122.0000	36.57	39.75
124.0000	36.88	40.06
126.0000	37.19	40.31
128.0000	37.48	40.42
130.0000	37.75	40.37
132.0000	37.97	40.20
134.0000	38.12	39.95
136.0000	38.22	39.67
138.0000	38.28	39.36
140.0000	38.29	39.06
142.0000	38.26	38.75
144.0000	38.21	38.47
146.0000	38.14	38.20
148.0000	38.06	37.96
150.0000	37.97	37.73
152.0000	37.87	37.52
154.0000	37.76	37.32
156.0000	37.64	37.14
158.0000	37.52	36.96
160.0000	37.40	36.80
162.0000	37.28	36.64
164.0000	37.15	36.50
166.0000	37.02	36.36
168.0000	36.89	36.33
170.0000	36.77	36.50
172.0000	36.71	36.82
174.0000	36.71	37.24
176.0000	36.78	37.72
178.0000	36.90	38.22
180.0000	37.07	38.71
182.0000	37.28	39.19
184.0000	37.50	39.65
186.0000	37.75	40.09
188.0000	38.02	40.50
190.0000	38.29	40.89
192.0000	38.58	41.26
194.0000	38.86	41.62
196.0000	39.15	41.95
198.0000	39.45	42.28
200.0000	39.74	42.60
202.0000	40.03	42.91
204.0000	40.32	43.21
206.0000	40.61	43.49
208.0000	40.90	43.77
210.0000	41.17	44.02
212.0000	41.44	44.17
214.0000	41.69	44.16
216.0000	41.89	44.00
218.0000	42.03	43.74
220.0000	42.13	43.43
222.0000	42.18	43.10
224.0000	42.18	42.77
226.0000	42.15	42.44
228.0000	42.08	42.13
230.0000	41.99	41.83
232.0000	41.89	41.55
234.0000	41.77	41.29
236.0000	41.64	41.04
238.0000	41.50	40.81
240.0000	41.35	40.59
242.0000	41.21	40.39
244.0000	41.05	40.20
246.0000	40.90	40.01
248.0000	40.76	39.84
250.0000	40.59	39.66
252.0000	40.40	39.54
254.0000	40.25	39.59
256.0000	40.14	39.84
258.0000	40.09	40.22
260.0000	40.11	40.66
262.0000	40.19	41.13
264.0000	40.31	41.61
266.0000	40.48	42.08
268.0000	40.68	42.53
270.0000	40.90	42.95
272.0000	41.14	43.36
274.0000	41.39	43.74
276.0000	41.65	44.11
278.0000	41.91	44.46
280.0000	42.17	44.78
282.0000	42.45	45.10
284.0000	42.72	45.41
286.0000	43.00	45.70
288.0000	43.27	45.97
290.0000	43.54	46.24
292.0000	43.79	46.46
294.0000	44.04	46.52
296.0000	44.26	46.42
298.0000	44.42	46.20
300.0000	44.52	45.90
302.0000	44.58	45.57
304.0000	44.58	45.22
306.0000	44.54	44.86
308.0000	44.47	44.52
310.0000	44.38	44.20
312.0000	44.27	43.89
314.0000	44.14	43.61
316.0000	44.00	43.34
318.0000	43.84	43.09
320.0000	43.68	42.85
322.0000	43.52	42.62
324.0000	43.36	42.41
326.0000	43.18	42.20
328.0000	43.02	42.01
330.0000	42.84	41.82
332.0000	42.68	41.65
334.0000	42.50	41.47
336.0000	42.31	41.34
338.0000	42.15	41.40
340.0000	42.03	41.64
342.0000	41.97	42.00
344.0000	41.98	42.45
346.0000	42.05	42.92
348.0000	42.17	43.40
350.0000	42.34	43.87
352.0000	42.53	44.31
354.0000	42.74	44.74
356.0000	42.98	45.15
358.0000	43.22	45.53
360.0000	43.48	45.90
362.0000	43.74	46.24
364.0000	44.00	46.57
366.0000	44.27	46.88
368.0000	44.55	47.18
370.0000	44.82	47.47
372.0000	45.09	47.75
374.0000	45.35	48.02
376.0000	45.62	48.29
378.0000	45.88	48.53
380.0000	46.11	48.73
382.0000	46.35	48.82
384.0000	46.55	48.73
386.0000	46.71	48.51
388.0000	46.82	48.21
390.0000	46.86	47.87
392.0000	46.87	47.50
394.0000	46.83	47.13
396.0000	46.75	46.77
398.0000	46.64	46.43
400.0000	46.51	46.10
402.0000	46.37	45.79
404.0000	46.21	45.50
406.0000	46.05	45.22
408.0000	45.88	44.97
410.0000	45.71	44.73
412.0000	45.54	44.50
414.0000	45.36	44.28
416.0000	45.19	44.08
418.0000	45.01	43.88
420.0000	44.80	43.71
422.0000	44.61	43.68
424.0000	44.46	43.87
426.0000	44.38	44.19
428.0000	44.35	44.60
430.0000	44.39	45.04
432.0000	44.49	45.49
434.0000	44.62	45.94
436.0000	44.79	46.37
438.0000	44.97	46.77
440.0000	45.19	47.16
442.0000	45.41	47.53
444.0000	45.65	47.88
446.0000	45.88	48.21
448.0000	46.13	48.52
450.0000	46.38	48.83
452.0000	46.63	49.11
454.0000	46.88	49.40
456.0000	47.14	49.67
458.0000	47.39	49.92
460.0000	47.63	50.15
462.0000	47.85	50.26
464.0000	48.05	50.21
466.0000	48.21	50.01
468.0000	48.31	49.71
470.0000	48.36	49.37
472.0000	48.36	48.99
474.0000	48.31	48.62
476.0000	48.23	48.25
478.0000	48.12	47.90
480.0000	48.00	47.56
482.0000	47.86	47.25
484.0000	47.71	46.95
486.0000	47.55	46.68
488.0000	47.37	46.42
490.0000	47.20	46.17
492.0000	47.01	45.94
494.0000	46.82	45.72
496.0000	46.63	45.50
498.0000	46.44	45.30
500.0000	46.25	45.10
502.0000	46.06	44.93
504.0000	45.86	44.93
506.0000	45.70	45.12
508.0000	45.60	45.44
510.0000	45.58	45.85
512.0000	45.61	46.29
514.0000	45.71	46.74
516.0000	45.83	47.17
518.0000	46.00	47.60
520.0000	46.19	48.00
522.0000	46.40	48.38
524.0000	46.62	48.74
526.0000	46.85	49.09
528.0000	47.09	49.40
530.0000	47.33	49.71
532.0000	47.57	50.01
534.0000	47.82	50.29
536.0000	48.07	50.55
538.0000	48.31	50.80
540.0000	48.55	51.05
542.0000	48.80	51.30
544.0000	49.02	51.51
546.0000	49.23	51.63
548.0000	49.43	51.59
550.0000	49.59	51.41
552.0000	49.69	51.12
554.0000	49.74	50.77
556.0000	49.73	50.40
558.0000	49.69	50.02
560.0000	49.61	49.65
562.0000	49.51	49.29
564.0000	49.38	48.95
566.0000	49.23	48.63
568.0000	49.07	48.32
570.0000	48.90	48.03
572.0000	48.71	47.76
574.0000	48.52	47.49
576.0000	48.34	47.25
578.0000	48.14	47.01
580.0000	47.94	46.79
582.0000	47.74	46.57
584.0000	47.54	46.36
586.0000	47.33	46.16
588.0000	47.12	46.02
590.0000	46.92	46.09
592.0000	46.79	46.33
594.0000	46.72	46.69
596.0000	46.71	47.10
598.0000	46.76	47.54
600.0000	46.86	47.98
602.0000	47.00	48.41
604.0000	47.17	48.82
606.0000	47.37	49.22
608.0000	47.57	49.60
610.0000	47.79	49.95
612.0000	48.02	50.29
614.0000	48.26	50.61
616.0000	48.51	50.91
618.0000	48.75	51.21
620.0000	49.00	51.48
622.0000	49.24	51.75
624.0000	49.49	52.00
626.0000	49.73	52.25
628.0000	49.95	52.47
630.0000	50.16	52.60
632.0000	50.35	52.55
634.0000	50.52	52.36
636.0000	50.63	52.08
638.0000	50.69	51.73
640.0000	50.69	51.36
642.0000	50.65	50.98
644.0000	50.57	50.61
646.0000	50.46	50.25
648.0000	50.32	49.91
650.0000	50.18	49.58
652.0000	50.02	49.27
654.0000	49.84	48.98
656.0000	49.66	48.70
658.0000	49.47	48.44
660.0000	49.29	48.20
662.0000	49.10	47.97
664.0000	48.90	47.74
666.0000	48.70	47.52
668.0000	48.50	47.31
670.0000	48.27	47.09
672.0000	48.03	46.99
674.0000	47.84	47.10
676.0000	47.70	47.36
678.0000	47.64	47.72
680.0000	47.64	48.13
682.0000	47.70	48.56
684.0000	47.80	48.99
686.0000	47.92	49.40
688.0000	48.05	49.78
690.0000	48.19	50.14
692.0000	48.36	50.48
694.0000	48.55	50.81
696.0000	48.73	51.10
698.0000	48.92	51.38
700.0000	49.11	51.65
702.0000	49.34	51.92
704.0000	49.59	52.19
706.0000	49.84	52.44
708.0000	50.08	52.68
710.0000	50.31	52.90
712.0000	50.53	53.08
714.0000	50.73	53.13
716.0000	50.90	53.01
718.0000	51.01	52.75
720.0000	51.02	52.37
722.0000	51.02	51.98
724.0000	50.98	51.59
726.0000	50.90	51.20
728.0000	50.81	50.81
730.0000	50.67	50.44
732.0000	50.49	50.06
734.0000	50.32	49.73
736.0000	50.13	49.41
738.0000	49.94	49.11
740.0000	49.73	48.82
742.0000	49.53	48.55
744.0000	49.33	48.30
746.0000	49.10	48.04
748.0000	48.87	47.79
750.0000	48.65	47.55
752.0000	48.43	47.32
754.0000	48.17	47.09
756.0000	47.94	46.98
758.0000	47.74	47.09
760.0000	47.61	47.34
762.0000	47.55	47.70
764.0000	47.55	48.11
766.0000	47.60	48.54
768.0000	47.70	48.97
770.0000	47.84	49.38
772.0000	48.01	49.78
774.0000	48.20	50.16
776.0000	48.39	50.51
778.0000	48.61	50.85
780.0000	48.83	51.16
782.0000	49.06	51.47
784.0000	49.30	51.76
786.0000	49.53	52.02
788.0000	49.76	52.29
790.0000	50.00	52.55
792.0000	50.24	52.79
794.0000	50.47	53.03
796.0000	50.69	53.21
798.0000	50.89	53.25
800.0000	51.06	53.14
802.0000	51.18	52.89
804.0000	51.25	52.57
806.0000	51.26	52.19
808.0000	51.21	51.80
810.0000	51.13	51.41
812.0000	51.01	51.02
814.0000	50.86	50.64
816.0000	50.69	50.28
818.0000	50.53	49.96
820.0000	50.34	49.64
822.0000	50.15	49.35
824.0000	49.95	49.07
826.0000	49.75	48.81
828.0000	49.55	48.56
830.0000	49.35	48.32
832.0000	49.15	48.09
834.0000	48.94	47.87
836.0000	48.74	47.65
838.0000	48.50	47.44
840.0000	48.29	47.40
842.0000	48.12	47.56
844.0000	48.01	47.85
846.0000	47.97	48.23
848.0000	48.00	48.65
850.0000	48.07	49.08
852.0000	48.19	49.50
854.0000	48.34	49.91
856.0000	48.51	50.30
858.0000	48.70	50.68
860.0000	48.91	51.03
862.0000	49.12	51.36
864.0000	49.34	51.67
866.0000	49.58	51.96
868.0000	49.81	52.24
870.0000	50.04	52.51
872.0000	50.27	52.78
874.0000	50.51	53.02
876.0000	50.74	53.26
878.0000	50.95	53.46
880.0000	51.16	53.65
882.0000	51.36	53.72
884.0000	51.54	53.62
886.0000	51.67	53.40
888.0000	51.74	53.09
890.0000	51.77	52.72
892.0000	51.74	52.34
894.0000	51.67	51.95
896.0000	51.58	51.57
898.0000	51.45	51.21
900.0000	51.30	50.87
902.0000	51.14	50.54
904.0000	50.97	50.24
906.0000	50.79	49.95
908.0000	50.60	49.68
910.0000	50.40	49.42
912.0000	50.20	49.17
914.0000	50.01	48.93
916.0000	49.80	48.71
918.0000	49.60	48.49