#	Zeit (s)	Temperatur 1 (°C)	Temperatur 2 (°C)	Temperatur 3 (°C)	Temperatur 4 (°C)	Temperatur 5 (°C)	Temperatur 6 (°C)	Temperatur 7 (°C)	Temperatur 8 (°C)
1	0.0000	24.01	24.91	24.64	23.75	24.91	25.52	24.40	23.57
2	2.0000	24.02	24.96	24.66	23.76	24.94	25.62	24.42	23.56
3	4.0000	24.04	25.10	24.70	23.77	24.98	25.91	24.44	23.56
4	6.0000	24.06	25.38	24.77	23.76	25.04	26.35	24.47	23.56
5	8.0000	24.09	25.76	24.89	23.76	25.18	26.89	24.51	23.54
6	10.0000	24.12	26.22	25.04	23.77	25.37	27.48	24.59	23.54
7	12.0000	24.19	26.72	25.23	23.79	25.61	28.09	24.70	23.54
8	14.0000	24.29	27.25	25.47	23.82	25.90	28.68	24.85	23.54
9	16.0000	24.40	27.79	25.72	23.87	26.22	29.26	25.03	23.53
10	18.0000	24.56	28.33	25.98	23.91	26.56	29.82	25.23	23.53
11	20.0000	24.71	28.86	26.26	23.98	26.92	30.36	25.47	23.53
12	22.0000	24.89	29.39	26.54	24.06	27.31	30.88	25.74	23.53
13	24.0000	25.09	29.88	26.82	24.14	27.69	31.37	26.03	23.53
14	26.0000	25.29	30.37	27.10	24.24	28.08	31.84	26.32	23.54
15	28.0000	25.51	30.83	27.38	24.35	28.48	32.29	26.65	23.55
16	30.0000	25.73	31.28	27.66	24.45	28.88	32.72	26.97	23.56
17	32.0000	25.97	31.70	27.93	24.58	29.28	33.13	27.31	23.56
18	34.0000	26.20	32.11	28.19	24.69	29.67	33.53	27.65	23.56
19	36.0000	26.44	32.51	28.46	24.82	30.06	33.92	28.00	23.58
20	38.0000	26.68	32.89	28.71	24.95	30.45	34.30	28.35	23.60
21	40.0000	26.92	33.26	28.97	25.08	30.83	34.67	28.70	23.60
22	42.0000	27.16	33.59	29.20	25.21	31.22	35.02	29.06	23.62
23	44.0000	27.40	33.86	29.41	25.35	31.59	35.23	29.40	23.64
24	46.0000	27.64	34.00	29.58	25.49	31.94	35.28	29.72	23.66
25	48.0000	27.87	34.00	29.69	25.63	32.24	35.19	30.03	23.67
26	50.0000	28.09	33.90	29.75	25.76	32.47	35.02	30.31	23.70
27	52.0000	28.28	33.73	29.78	25.89	32.66	34.79	30.57	23.73
28	54.0000	28.46	33.51	29.77	26.00	32.79	34.54	30.78	23.76
29	56.0000	28.60	33.27	29.73	26.11	32.88	34.29	30.96	23.79
30	58.0000	28.72	33.00	29.67	26.20	32.93	34.04	31.11	23.83
31	60.0000	28.81	32.74	29.59	26.29	32.96	33.81	31.22	23.86
32	62.0000	28.89	32.49	29.51	26.36	32.96	33.59	31.29	23.89
33	64.0000	28.96	32.24	29.41	26.42	32.94	33.40	31.34	23.94
34	66.0000	29.00	31.99	29.32	26.47	32.90	33.21	31.36	23.97
35	68.0000	29.03	31.77	29.22	26.52	32.86	33.05	31.36	24.02
36	70.0000	29.05	31.56	29.13	26.55	32.80	32.90	31.35	24.06
37	72.0000	29.06	31.35	29.04	26.58	32.75	32.76	31.32	24.10
38	74.0000	29.06	31.18	28.95	26.61	32.68	32.62	31.27	24.15
39	76.0000	29.06	31.01	28.86	26.63	32.60	32.50	31.21	24.19
40	78.0000	29.05	30.84	28.78	26.64	32.54	32.40	31.15	24.25
41	80.0000	29.04	30.69	28.71	26.65	32.47	32.29	31.09	24.29
42	82.0000	29.02	30.55	28.63	26.66	32.39	32.20	31.00	24.33
43	84.0000	29.00	30.42	28.55	26.67	32.31	32.13	30.92	24.37
44	86.0000	28.97	30.40	28.50	26.66	32.22	32.25	30.84	24.42
45	88.0000	28.95	30.52	28.49	26.67	32.18	32.56	30.76	24.47
46	90.0000	28.94	30.77	28.53	26.67	32.20	32.99	30.70	24.52
47	92.0000	28.94	31.11	28.63	26.69	32.29	33.49	30.68	24.56
48	94.0000	28.98	31.52	28.77	26.70	32.44	34.02	30.69	24.61
49	96.0000	29.04	31.97	28.94	26.73	32.62	34.55	30.73	24.66
50	98.0000	29.12	32.44	29.15	26.76	32.86	35.06	30.81	24.70
51	100.0000	29.22	32.90	29.36	26.81	33.11	35.57	30.93	24.74
52	102.0000	29.35	33.38	29.60	26.87	33.40	36.04	31.07	24.78
53	104.0000	29.49	33.83	29.83	26.93	33.69	36.48	31.23	24.82
54	106.0000	29.65	34.27	30.08	27.01	34.00	36.92	31.43	24.87
55	108.0000	29.82	34.70	30.32	27.10	34.31	37.32	31.65	24.90
56	110.0000	30.01	35.11	30.57	27.19	34.64	37.72	31.87	24.94
57	112.0000	30.19	35.51	30.81	27.29	34.96	38.09	32.12	24.98
58	114.0000	30.39	35.89	31.06	27.39	35.28	38.45	32.38	25.02
59	116.0000	30.59	36.25	31.29	27.50	35.61	38.79	32.63	25.06
60	118.0000	30.80	36.59	31.52	27.61	35.93	39.12	32.90	25.10
61	120.0000	31.01	36.93	31.75	27.73	36.25	39.45	33.18	25.13
62	122.0000	31.22	37.25	31.97	27.85	36.57	39.75	33.46	25.17
63	124.0000	31.42	37.56	32.19	27.97	36.88	40.06	33.74	25.21
64	126.0000	31.63	37.84	32.38	28.09	37.19	40.31	34.00	25.25
65	128.0000	31.83	38.02	32.54	28.20	37.48	40.42	34.26	25.28
66	130.0000	32.03	38.07	32.65	28.31	37.75	40.37	34.51	25.31
67	132.0000	32.21	37.99	32.72	28.43	37.97	40.20	34.74	25.35
68	134.0000	32.38	37.83	32.74	28.54	38.12	39.95	34.94	25.39
69	136.0000	32.53	37.60	32.73	28.64	38.22	39.67	35.11	25.42
70	138.0000	32.66	37.33	32.67	28.74	38.28	39.36	35.25	25.46
71	140.0000	32.76	37.05	32.61	28.82	38.29	39.06	35.35	25.51
72	142.0000	32.83	36.75	32.52	28.88	38.26	38.75	35.41	25.56
73	144.0000	32.89	36.45	32.41	28.94	38.21	38.47	35.44	25.59
74	146.0000	32.92	36.16	32.30	29.00	38.14	38.20	35.44	25.64
75	148.0000	32.95	35.87	32.19	29.03	38.06	37.96	35.42	25.69
76	150.0000	32.95	35.60	32.07	29.07	37.97	37.73	35.37	25.74
77	152.0000	32.95	35.35	31.95	29.10	37.87	37.52	35.31	25.79
78	154.0000	32.94	35.10	31.83	29.12	37.76	37.32	35.23	25.84
79	156.0000	32.91	34.88	31.72	29.13	37.64	37.14	35.14	25.89
80	158.0000	32.88	34.67	31.60	29.14	37.52	36.96	35.03	25.94
81	160.0000	32.84	34.46	31.50	29.14	37.40	36.80	34.92	25.99
82	162.0000	32.80	34.27	31.40	29.14	37.28	36.64	34.80	26.04
83	164.0000	32.75	34.09	31.30	29.13	37.15	36.50	34.67	26.09
84	166.0000	32.70	33.93	31.20	29.12	37.02	36.36	34.54	26.14
85	168.0000	32.65	33.81	31.11	29.10	36.89	36.33	34.40	26.19
86	170.0000	32.59	33.82	31.06	29.09	36.77	36.50	34.27	26.24
87	172.0000	32.54	33.97	31.07	29.09	36.71	36.82	34.16	26.29
88	174.0000	32.51	34.23	31.12	29.09	36.71	37.24	34.08	26.34
89	176.0000	32.51	34.59	31.23	29.09	36.78	37.72	34.03	26.39
90	178.0000	32.52	35.00	31.38	29.10	36.90	38.22	34.02	26.44
91	180.0000	32.57	35.43	31.55	29.13	37.07	38.71	34.05	26.48
92	182.0000	32.63	35.87	31.75	29.16	37.28	39.19	34.12	26.52
93	184.0000	32.72	36.33	31.96	29.19	37.50	39.65	34.20	26.57
94	186.0000	32.83	36.77	32.19	29.25	37.75	40.09	34.33	26.61
95	188.0000	32.96	37.21	32.42	29.31	38.02	40.50	34.48	26.65
96	190.0000	33.10	37.62	32.66	29.39	38.29	40.89	34.66	26.69
97	192.0000	33.26	38.02	32.90	29.46	38.58	41.26	34.85	26.73
98	194.0000	33.42	38.42	33.13	29.55	38.86	41.62	35.06	26.76
99	196.0000	33.60	38.79	33.36	29.65	39.15	41.95	35.27	26.81
100	198.0000	33.77	39.14	33.59	29.74	39.45	42.28	35.50	26.84
101	200.0000	33.95	39.49	33.82	29.85	39.74	42.60	35.74	26.88
102	202.0000	34.14	39.82	34.05	29.95	40.03	42.91	35.99	26.92
103	204.0000	34.33	40.14	34.26	30.06	40.32	43.21	36.24	26.95
104	206.0000	34.52	40.44	34.48	30.18	40.61	43.49	36.50	26.99
105	208.0000	34.72	40.73	34.68	30.29	40.90	43.77	36.76	27.03
106	210.0000	34.91	41.00	34.88	30.40	41.17	44.02	36.99	27.06
107	212.0000	35.09	41.21	35.04	30.50	41.44	44.17	37.23	27.09
108	214.0000	35.27	41.29	35.17	30.61	41.69	44.16	37.47	27.12
109	216.0000	35.43	41.24	35.25	30.72	41.89	44.00	37.68	27.16
110	218.0000	35.60	41.09	35.28	30.82	42.03	43.74	37.88	27.19
111	220.0000	35.73	40.86	35.26	30.93	42.13	43.43	38.04	27.23
112	222.0000	35.85	40.58	35.22	31.02	42.18	43.10	38.16	27.27
113	224.0000	35.94	40.28	35.14	31.09	42.18	42.77	38.26	27.31
114	226.0000	36.01	39.96	35.04	31.16	42.15	42.44	38.31	27.35
115	228.0000	36.06	39.64	34.92	31.22	42.08	42.13	38.33	27.39
116	230.0000	36.09	39.33	34.80	31.26	41.99	41.83	38.32	27.43
117	232.0000	36.10	39.03	34.67	31.29	41.89	41.55	38.28	27.48
118	234.0000	36.09	38.73	34.54	31.31	41.77	41.29	38.22	27.52
119	236.0000	36.06	38.44	34.40	31.33	41.64	41.04	38.14	27.56
120	238.0000	36.03	38.17	34.27	31.34	41.50	40.81	38.04	27.61
121	240.0000	35.99	37.93	34.14	31.34	41.35	40.59	37.93	27.66
122	242.0000	35.94	37.69	34.01	31.34	41.21	40.39	37.81	27.70
123	244.0000	35.89	37.46	33.90	31.35	41.05	40.20	37.67	27.75
124	246.0000	35.82	37.26	33.78	31.33	40.90	40.01	37.53	27.79
125	248.0000	35.76	37.05	33.67	31.31	40.76	39.84	37.38	27.85
126	250.0000	35.69	36.86	33.55	31.30	40.59	39.66	37.23	27.90
127	252.0000	35.62	36.69	33.46	31.29	40.40	39.54	37.08	27.95
128	254.0000	35.55	36.63	33.39	31.28	40.25	39.59	36.93	28.00
129	256.0000	35.49	36.72	33.37	31.27	40.14	39.84	36.79	28.04
130	258.0000	35.43	36.94	33.40	31.26	40.09	40.22	36.68	28.09
131	260.0000	35.41	37.25	33.49	31.25	40.11	40.66	36.60	28.14
132	262.0000	35.40	37.63	33.61	31.26	40.19	41.13	36.56	28.19
133	264.0000	35.42	38.03	33.77	31.27	40.31	41.61	36.56	28.23
134	266.0000	35.46	38.47	33.96	31.28	40.48	42.08	36.60	28.28
135	268.0000	35.53	38.92	34.15	31.32	40.68	42.53	36.67	28.32
136	270.0000	35.62	39.35	34.37	31.36	40.90	42.95	36.77	28.36
137	272.0000	35.73	39.78	34.60	31.41	41.14	43.36	36.90	28.40
138	274.0000	35.86	40.19	34.83	31.48	41.39	43.74	37.06	28.43
139	276.0000	35.99	40.59	35.06	31.54	41.65	44.11	37.23	28.47
140	278.0000	36.15	40.98	35.29	31.63	41.91	44.46	37.42	28.51
141	280.0000	36.30	41.35	35.52	31.71	42.17	44.78	37.62	28.54
142	282.0000	36.47	41.70	35.76	31.80	42.45	45.10	37.84	28.58
143	284.0000	36.64	42.04	35.97	31.90	42.72	45.41	38.08	28.61
144	286.0000	36.81	42.36	36.20	32.00	43.00	45.70	38.31	28.65
145	288.0000	36.99	42.67	36.41	32.11	43.27	45.97	38.55	28.68
146	290.0000	37.17	42.97	36.62	32.21	43.54	46.24	38.80	28.72
147	292.0000	37.34	43.22	36.80	32.31	43.79	46.46	39.03	28.74
148	294.0000	37.51	43.38	36.95	32.41	44.04	46.52	39.25	28.76
149	296.0000	37.67	43.40	37.04	32.50	44.26	46.42	39.46	28.79
150	298.0000	37.83	43.30	37.09	32.59	44.42	46.20	39.65	28.82
151	300.0000	37.97	43.11	37.09	32.68	44.52	45.90	39.83	28.84
152	302.0000	38.08	42.85	37.05	32.76	44.58	45.57	39.96	28.87
153	304.0000	38.17	42.56	36.98	32.82	44.58	45.22	40.05	28.91
154	306.0000	38.24	42.24	36.88	32.89	44.54	44.86	40.12	28.94
155	308.0000	38.29	41.91	36.76	32.94	44.47	44.52	40.14	28.97
156	310.0000	38.30	41.59	36.64	32.99	44.38	44.20	40.13	29.00
157	312.0000	38.30	41.27	36.50	33.02	44.27	43.89	40.09	29.04
158	314.0000	38.29	40.96	36.36	33.05	44.14	43.61	40.03	29.08
159	316.0000	38.26	40.67	36.22	33.06	44.00	43.34	39.94	29.13
160	318.0000	38.22	40.39	36.09	33.08	43.84	43.09	39.84	29.17
161	320.0000	38.17	40.12	35.95	33.08	43.68	42.85	39.72	29.20
162	322.0000	38.11	39.86	35.81	33.08	43.52	42.62	39.58	29.25
163	324.0000	38.04	39.62	35.67	33.06	43.36	42.41	39.44	29.29
164	326.0000	37.97	39.39	35.55	33.05	43.18	42.20	39.29	29.33
165	328.0000	37.89	39.18	35.43	33.02	43.02	42.01	39.13	29.37
166	330.0000	37.82	38.97	35.30	33.00	42.84	41.82	38.97	29.41
167	332.0000	37.74	38.78	35.19	32.98	42.68	41.65	38.80	29.46
168	334.0000	37.65	38.59	35.07	32.93	42.50	41.47	38.63	29.49
169	336.0000	37.57	38.43	34.96	32.90	42.31	41.34	38.45	29.53
170	338.0000	37.48	38.38	34.88	32.87	42.15	41.40	38.28	29.57
171	340.0000	37.40	38.47	34.85	32.85	42.03	41.64	38.13	29.60
172	342.0000	37.34	38.69	34.88	32.82	41.97	42.00	38.01	29.65
173	344.0000	37.30	39.00	34.96	32.81	41.98	42.45	37.94	29.69
174	346.0000	37.29	39.38	35.08	32.81	42.05	42.92	37.90	29.73
175	348.0000	37.30	39.79	35.24	32.81	42.17	43.40	37.90	29.77
176	350.0000	37.33	40.23	35.42	32.82	42.34	43.87	37.94	29.80
177	352.0000	37.39	40.68	35.62	32.84	42.53	44.31	38.00	29.84
178	354.0000	37.47	41.12	35.84	32.88	42.74	44.74	38.10	29.87
179	356.0000	37.57	41.55	36.07	32.92	42.98	45.15	38.23	29.90
180	358.0000	37.69	41.96	36.30	32.98	43.22	45.53	38.38	29.94
181	360.0000	37.82	42.37	36.53	33.05	43.48	45.90	38.55	29.97
182	362.0000	37.97	42.76	36.76	33.12	43.74	46.24	38.75	30.00
183	364.0000	38.12	43.13	36.99	33.19	44.00	46.57	38.95	30.02
184	366.0000	38.29	43.48	37.22	33.29	44.27	46.88	39.16	30.04
185	368.0000	38.45	43.82	37.44	33.38	44.55	47.18	39.40	30.08
186	370.0000	38.62	44.14	37.66	33.47	44.82	47.47	39.63	30.11
187	372.0000	38.80	44.45	37.87	33.57	45.09	47.75	39.88	30.13
188	374.0000	38.98	44.75	38.08	33.68	45.35	48.02	40.13	30.16
189	376.0000	39.15	45.04	38.29	33.79	45.62	48.29	40.38	30.19
190	378.0000	39.33	45.30	38.49	33.88	45.88	48.53	40.62	30.22
191	380.0000	39.49	45.53	38.66	33.97	46.11	48.73	40.86	30.23
192	382.0000	39.65	45.69	38.80	34.06	46.35	48.82	41.09	30.25
193	384.0000	39.81	45.71	38.90	34.14	46.55	48.73	41.31	30.26
194	386.0000	39.95	45.61	38.94	34.22	46.71	48.51	41.51	30.28
195	388.0000	40.08	45.41	38.94	34.29	46.82	48.21	41.67	30.30
196	390.0000	40.19	45.15	38.89	34.37	46.86	47.87	41.81	30.31
197	392.0000	40.28	44.84	38.81	34.44	46.87	47.50	41.91	30.33
198	394.0000	40.34	44.50	38.70	34.50	46.83	47.13	41.97	30.37
199	396.0000	40.37	44.15	38.58	34.56	46.75	46.77	41.99	30.39
200	398.0000	40.38	43.80	38.44	34.59	46.64	46.43	41.99	30.43
201	400.0000	40.37	43.46	38.30	34.61	46.51	46.10	41.95	30.46
202	402.0000	40.34	43.12	38.15	34.64	46.37	45.79	41.89	30.49
203	404.0000	40.30	42.80	38.00	34.65	46.21	45.50	41.80	30.53
204	406.0000	40.24	42.50	37.85	34.66	46.05	45.22	41.69	30.57
205	408.0000	40.19	42.22	37.71	34.65	45.88	44.97	41.58	30.61
206	410.0000	40.13	41.95	37.57	34.65	45.71	44.73	41.45	30.65
207	412.0000	40.06	41.71	37.42	34.63	45.54	44.50	41.30	30.70
208	414.0000	39.99	41.46	37.29	34.61	45.36	44.28	41.14	30.73
209	416.0000	39.91	41.23	37.16	34.58	45.19	44.08	40.98	30.77
210	418.0000	39.82	41.01	37.03	34.56	45.01	43.88	40.81	30.81
211	420.0000	39.72	40.80	36.90	34.52	44.80	43.71	40.64	30.84
212	422.0000	39.63	40.68	36.79	34.49	44.61	43.68	40.46	30.88
213	424.0000	39.54	40.71	36.74	34.46	44.46	43.87	40.30	30.91
214	426.0000	39.47	40.88	36.74	34.42	44.38	44.19	40.16	30.95
215	428.0000	39.42	41.14	36.79	34.40	44.35	44.60	40.05	30.99
216	430.0000	39.39	41.49	36.89	34.39	44.39	45.04	39.99	31.03
217	432.0000	39.38	41.87	37.02	34.39	44.49	45.49	39.96	31.07
218	434.0000	39.40	42.28	37.19	34.39	44.62	45.94	39.98	31.10
219	436.0000	39.45	42.69	37.37	34.41	44.79	46.37	40.03	31.13
220	438.0000	39.51	43.11	37.57	34.44	44.97	46.77	40.10	31.17
221	440.0000	39.60	43.51	37.78	34.48	45.19	47.16	40.21	31.20
222	442.0000	39.71	43.92	37.99	34.53	45.41	47.53	40.34	31.23
223	444.0000	39.83	44.30	38.21	34.59	45.65	47.88	40.49	31.26
224	446.0000	39.96	44.67	38.43	34.65	45.88	48.21	40.67	31.29
225	448.0000	40.10	45.02	38.65	34.73	46.13	48.52	40.85	31.32
226	450.0000	40.25	45.36	38.86	34.81	46.38	48.83	41.05	31.35
227	452.0000	40.39	45.69	39.08	34.89	46.63	49.11	41.27	31.38
228	454.0000	40.55	45.99	39.29	34.98	46.88	49.40	41.49	31.41
229	456.0000	40.71	46.29	39.50	35.08	47.14	49.67	41.72	31.44
230	458.0000	40.88	46.58	39.70	35.18	47.39	49.92	41.96	31.46
231	460.0000	41.04	46.84	39.89	35.26	47.63	50.15	42.17	31.49
232	462.0000	41.19	47.02	40.04	35.35	47.85	50.26	42.38	31.50
233	464.0000	41.32	47.07	40.14	35.44	48.05	50.21	42.58	31.52
234	466.0000	41.44	46.99	40.18	35.51	48.21	50.01	42.75	31.54
235	468.0000	41.56	46.81	40.18	35.59	48.31	49.71	42.90	31.56
236	470.0000	41.65	46.56	40.14	35.65	48.36	49.37	43.02	31.58
237	472.0000	41.72	46.26	40.06	35.71	48.36	48.99	43.11	31.61
238	474.0000	41.77	45.92	39.96	35.77	48.31	48.62	43.17	31.63
239	476.0000	41.80	45.58	39.84	35.82	48.23	48.25	43.18	31.66
240	478.0000	41.81	45.22	39.70	35.85	48.12	47.90	43.16	31.68
241	480.0000	41.80	44.88	39.56	35.88	48.00	47.56	43.13	31.72
242	482.0000	41.77	44.55	39.42	35.89	47.86	47.25	43.07	31.76
243	484.0000	41.73	44.23	39.28	35.90	47.71	46.95	42.99	31.79
244	486.0000	41.68	43.93	39.13	35.90	47.55	46.68	42.89	31.82
245	488.0000	41.62	43.65	38.98	35.87	47.37	46.42	42.78	31.85
246	490.0000	41.55	43.38	38.83	35.84	47.20	46.17	42.65	31.88
247	492.0000	41.48	43.13	38.69	35.81	47.01	45.94	42.51	31.91
248	494.0000	41.40	42.89	38.55	35.77	46.82	45.72	42.36	31.93
249	496.0000	41.31	42.66	38.41	35.74	46.63	45.50	42.19	31.96
250	498.0000	41.23	42.44	38.28	35.70	46.44	45.30	42.03	31.98
251	500.0000	41.14	42.24	38.14	35.65	46.25	45.10	41.86	32.02
252	502.0000	41.05	42.05	38.01	35.61	46.06	44.93	41.68	32.03
253	504.0000	40.93	41.94	37.90	35.57	45.86	44.93	41.50	32.06
254	506.0000	40.84	41.99	37.84	35.53	45.70	45.12	41.33	32.08
255	508.0000	40.75	42.15	37.84	35.49	45.60	45.44	41.19	32.11
256	510.0000	40.69	42.43	37.89	35.47	45.58	45.85	41.08	32.14
257	512.0000	40.66	42.77	37.99	35.45	45.61	46.29	41.02	32.17
258	514.0000	40.65	43.16	38.13	35.44	45.71	46.74	41.00	32.20
259	516.0000	40.67	43.56	38.29	35.44	45.83	47.17	41.01	32.23
260	518.0000	40.71	43.98	38.47	35.45	46.00	47.60	41.05	32.26
261	520.0000	40.77	44.39	38.66	35.45	46.19	48.00	41.12	32.28
262	522.0000	40.86	44.80	38.86	35.50	46.40	48.38	41.23	32.30
263	524.0000	40.96	45.19	39.08	35.55	46.62	48.74	41.37	32.33
264	526.0000	41.08	45.57	39.30	35.61	46.85	49.09	41.52	32.36
265	528.0000	41.20	45.93	39.52	35.67	47.09	49.40	41.70	32.38
266	530.0000	41.34	46.28	39.74	35.75	47.33	49.71	41.89	32.41
267	532.0000	41.49	46.61	39.95	35.82	47.57	50.01	42.10	32.43
268	534.0000	41.64	46.93	40.16	35.91	47.82	50.29	42.31	32.46
269	536.0000	41.78	47.23	40.37	36.00	48.07	50.55	42.54	32.49
270	538.0000	41.94	47.51	40.57	36.08	48.31	50.80	42.76	32.51
271	540.0000	42.09	47.77	40.77	36.18	48.55	51.05	42.99	32.53
272	542.0000	42.25	48.02	40.98	36.28	48.80	51.30	43.24	32.55
273	544.0000	42.39	48.24	41.14	36.34	49.02	51.51	43.45	32.56
274	546.0000	42.53	48.42	41.28	36.41	49.23	51.63	43.67	32.56
275	548.0000	42.66	48.47	41.39	36.48	49.43	51.59	43.88	32.57
276	550.0000	42.79	48.41	41.44	36.55	49.59	51.41	44.07	32.58
277	552.0000	42.91	48.23	41.45	36.62	49.69	51.12	44.24	32.59
278	554.0000	43.01	47.98	41.41	36.70	49.74	50.77	44.38	32.62
279	556.0000	43.08	47.67	41.34	36.77	49.73	50.40	44.48	32.64
280	558.0000	43.13	47.34	41.23	36.84	49.69	50.02	44.53	32.66
281	560.0000	43.16	46.99	41.11	36.89	49.61	49.65	44.56	32.69
282	562.0000	43.16	46.64	40.98	36.93	49.51	49.29	44.55	32.72
283	564.0000	43.15	46.29	40.82	36.96	49.38	48.95	44.51	32.75
284	566.0000	43.12	45.95	40.68	36.99	49.23	48.63	44.43	32.78
285	568.0000	43.08	45.62	40.52	37.00	49.07	48.32	44.35	32.82
286	570.0000	43.02	45.31	40.36	37.00	48.90	48.03	44.23	32.86
287	572.0000	42.95	45.01	40.21	36.98	48.71	47.76	44.11	32.89
288	574.0000	42.88	44.72	40.05	36.94	48.52	47.49	43.97	32.91
289	576.0000	42.78	44.44	39.89	36.90	48.34	47.25	43.82	32.93
290	578.0000	42.69	44.19	39.74	36.86	48.14	47.01	43.66	32.96
291	580.0000	42.60	43.94	39.59	36.82	47.94	46.79	43.48	32.99
292	582.0000	42.50	43.71	39.44	36.78	47.74	46.57	43.31	33.01
293	584.0000	42.40	43.48	39.31	36.73	47.54	46.36	43.12	33.04
294	586.0000	42.28	43.26	39.15	36.67	47.33	46.16	42.92	33.05
295	588.0000	42.16	43.08	39.02	36.63	47.12	46.02	42.73	33.08
296	590.0000	42.05	43.02	38.93	36.58	46.92	46.09	42.55	33.11
297	592.0000	41.95	43.12	38.89	36.55	46.79	46.33	42.38	33.14
298	594.0000	41.87	43.33	38.91	36.51	46.72	46.69	42.24	33.17
299	596.0000	41.81	43.63	38.98	36.48	46.71	47.10	42.15	33.19
300	598.0000	41.78	43.98	39.09	36.47	46.76	47.54	42.09	33.22
301	600.0000	41.78	44.37	39.23	36.46	46.86	47.98	42.07	33.25
302	602.0000	41.80	44.78	39.40	36.46	47.00	48.41	42.10	33.28
303	604.0000	41.84	45.19	39.58	36.47	47.17	48.82	42.15	33.31
304	606.0000	41.91	45.60	39.78	36.50	47.37	49.22	42.24	33.33
305	608.0000	41.99	46.00	39.99	36.54	47.57	49.60	42.36	33.36
306	610.0000	42.10	46.39	40.21	36.58	47.79	49.95	42.50	33.38
307	612.0000	42.21	46.76	40.42	36.63	48.02	50.29	42.66	33.40
308	614.0000	42.33	47.12	40.64	36.70	48.26	50.61	42.84	33.42
309	616.0000	42.47	47.46	40.86	36.77	48.51	50.91	43.04	33.45
310	618.0000	42.61	47.79	41.07	36.84	48.75	51.21	43.24	33.47
311	620.0000	42.75	48.10	41.27	36.92	49.00	51.48	43.46	33.48
312	622.0000	42.91	48.40	41.48	37.01	49.24	51.75	43.68	33.51
313	624.0000	43.06	48.69	41.68	37.10	49.49	52.00	43.91	33.53
314	626.0000	43.22	48.96	41.87	37.19	49.73	52.25	44.14	33.55
315	628.0000	43.36	49.20	42.02	37.26	49.95	52.47	44.34	33.55
316	630.0000	43.48	49.38	42.17	37.34	50.16	52.60	44.53	33.56
317	632.0000	43.61	49.43	42.28	37.41	50.35	52.55	44.73	33.57
318	634.0000	43.73	49.37	42.34	37.49	50.52	52.36	44.92	33.58
319	636.0000	43.84	49.20	42.34	37.57	50.63	52.08	45.08	33.60
320	638.0000	43.93	48.94	42.30	37.63	50.69	51.73	45.21	33.61
321	640.0000	44.01	48.63	42.24	37.69	50.69	51.36	45.31	33.63
322	642.0000	44.06	48.29	42.13	37.75	50.65	50.98	45.38	33.66
323	644.0000	44.08	47.94	42.00	37.80	50.57	50.61	45.39	33.69
324	646.0000	44.09	47.58	41.86	37.83	50.46	50.25	45.38	33.71
325	648.0000	44.07	47.23	41.71	37.84	50.32	49.91	45.34	33.73
326	650.0000	44.03	46.88	41.55	37.85	50.18	49.58	45.27	33.76
327	652.0000	43.97	46.55	41.40	37.85	50.02	49.27	45.18	33.79
328	654.0000	43.91	46.24	41.24	37.84	49.84	48.98	45.07	33.81
329	656.0000	43.84	45.93	41.07	37.82	49.66	48.70	44.94	33.84
330	658.0000	43.76	45.64	40.91	37.79	49.47	48.44	44.79	33.87
331	660.0000	43.66	45.36	40.76	37.76	49.29	48.20	44.65	33.89
332	662.0000	43.57	45.11	40.61	37.71	49.10	47.97	44.49	33.91
333	664.0000	43.47	44.86	40.46	37.66	48.90	47.74	44.33	33.92
334	666.0000	43.37	44.63	40.31	37.61	48.70	47.52	44.16	33.95
335	668.0000	43.26	44.40	40.18	37.55	48.50	47.31	43.98	33.96
336	670.0000	43.14	44.17	40.03	37.50	48.27	47.09	43.79	33.98
337	672.0000	43.01	44.00	39.89	37.45	48.03	46.99	43.61	34.01
338	674.0000	42.90	43.97	39.80	37.41	47.84	47.10	43.43	34.05
339	676.0000	42.80	44.08	39.77	37.37	47.70	47.36	43.28	34.08
340	678.0000	42.71	44.30	39.79	37.34	47.64	47.72	43.16	34.11
341	680.0000	42.66	44.61	39.87	37.32	47.64	48.13	43.07	34.14
342	682.0000	42.62	44.96	39.98	37.31	47.70	48.56	43.03	34.18
343	684.0000	42.62	45.36	40.13	37.30	47.80	48.99	43.02	34.20
344	686.0000	42.64	45.75	40.30	37.31	47.92	49.40	43.05	34.23
345	688.0000	42.66	46.13	40.50	37.33	48.05	49.78	43.13	34.25
346	690.0000	42.69	46.51	40.71	37.36	48.19	50.14	43.24	34.28
347	692.0000	42.75	46.88	40.93	37.41	48.36	50.48	43.38	34.31
348	694.0000	42.84	47.24	41.15	37.45	48.55	50.81	43.54	34.33
349	696.0000	42.92	47.58	41.37	37.52	48.73	51.10	43.72	34.36
350	698.0000	43.01	47.91	41.59	37.59	48.92	51.38	43.92	34.38
351	700.0000	43.12	48.22	41.80	37.66	49.11	51.65	44.13	34.41
352	702.0000	43.23	48.53	42.00	37.74	49.34	51.92	44.34	34.44
353	704.0000	43.38	48.83	42.19	37.82	49.59	52.19	44.54	34.46
354	706.0000	43.53	49.12	42.38	37.91	49.84	52.44	44.75	34.48
355	708.0000	43.68	49.39	42.57	38.00	50.08	52.68	44.97	34.51
356	710.0000	43.83	49.64	42.75	38.09	50.31	52.90	45.19	34.53
357	712.0000	43.97	49.86	42.90	38.15	50.53	53.08	45.39	34.53
358	714.0000	44.11	50.00	43.03	38.21	50.73	53.13	45.58	34.54
359	716.0000	44.23	50.00	43.10	38.29	50.90	53.01	45.75	34.54
360	718.0000	44.32	49.87	43.13	38.35	51.01	52.75	45.90	34.54
361	720.0000	44.39	49.61	43.11	38.37	51.02	52.37	46.03	34.53
362	722.0000	44.46	49.30	43.05	38.40	51.02	51.98	46.14	34.53
363	724.0000	44.52	48.97	42.95	38.45	50.98	51.59	46.22	34.53
364	726.0000	44.54	48.62	42.82	38.50	50.90	51.20	46.25	34.55
365	728.0000	44.54	48.25	42.67	38.53	50.81	50.81	46.24	34.56
366	730.0000	44.50	47.88	42.52	38.56	50.67	50.44	46.20	34.58
367	732.0000	44.44	47.49	42.36	38.54	50.49	50.06	46.14	34.58
368	734.0000	44.39	47.13	42.20	38.54	50.32	49.73	46.05	34.60
369	736.0000	44.33	46.80	42.02	38.52	50.13	49.41	45.95	34.62
370	738.0000	44.25	46.48	41.86	38.50	49.94	49.11	45.83	34.64
371	740.0000	44.17	46.17	41.69	38.48	49.73	48.82	45.69	34.66
372	742.0000	44.06	45.88	41.52	38.45	49.53	48.55	45.54	34.69
373	744.0000	43.97	45.60	41.35	38.42	49.33	48.30	45.37	34.71
374	746.0000	43.84	45.31	41.19	38.34	49.10	48.04	45.18	34.72
375	748.0000	43.73	45.05	41.04	38.29	48.87	47.79	45.01	34.75
376	750.0000	43.62	44.81	40.90	38.24	48.65	47.55	44.83	34.77
377	752.0000	43.49	44.57	40.76	38.19	48.43	47.32	44.64	34.78
378	754.0000	43.35	44.33	40.61	38.14	48.17	47.09	44.44	34.81
379	756.0000	43.22	44.15	40.48	38.10	47.94	46.98	44.25	34.84
380	758.0000	43.11	44.13	40.39	38.05	47.74	47.09	44.07	34.87
381	760.0000	43.00	44.24	40.35	38.02	47.61	47.34	43.90	34.89
382	762.0000	42.91	44.47	40.37	37.98	47.55	47.70	43.77	34.93
383	764.0000	42.85	44.76	40.44	37.96	47.55	48.11	43.68	34.95
384	766.0000	42.81	45.11	40.54	37.94	47.60	48.54	43.62	34.98
385	768.0000	42.81	45.50	40.68	37.93	47.70	48.97	43.61	35.00
386	770.0000	42.83	45.90	40.85	37.93	47.84	49.38	43.63	35.03
387	772.0000	42.87	46.30	41.03	37.95	48.01	49.78	43.69	35.05
388	774.0000	42.94	46.69	41.22	37.97	48.20	50.16	43.78	35.07
389	776.0000	43.01	47.07	41.42	38.01	48.39	50.51	43.89	35.09
390	778.0000	43.11	47.44	41.62	38.05	48.61	50.85	44.03	35.11
391	780.0000	43.22	47.80	41.83	38.10	48.83	51.16	44.18	35.13
392	782.0000	43.34	48.15	42.03	38.16	49.06	51.47	44.35	35.15
393	784.0000	43.48	48.48	42.23	38.22	49.30	51.76	44.53	35.17
394	786.0000	43.61	48.79	42.44	38.30	49.53	52.02	44.73	35.19
395	788.0000	43.75	49.09	42.64	38.38	49.76	52.29	44.94	35.20
396	790.0000	43.89	49.37	42.83	38.46	50.00	52.55	45.15	35.22
397	792.0000	44.04	49.65	43.03	38.54	50.24	52.79	45.37	35.24
398	794.0000	44.19	49.90	43.21	38.63	50.47	53.03	45.60	35.26
399	796.0000	44.31	50.12	43.38	38.69	50.69	53.21	45.81	35.26
400	798.0000	44.44	50.23	43.52	38.74	50.89	53.25	46.01	35.25
401	800.0000	44.56	50.23	43.59	38.79	51.06	53.14	46.20	35.24
402	802.0000	44.67	50.10	43.61	38.86	51.18	52.89	46.36	35.24
403	804.0000	44.77	49.89	43.59	38.92	51.25	52.57	46.50	35.24
404	806.0000	44.84	49.60	43.52	38.96	51.26	52.19	46.61	35.24
405	808.0000	44.89	49.26	43.42	39.00	51.21	51.80	46.67	35.25
406	810.0000	44.91	48.91	43.30	39.03	51.13	51.41	46.71	35.25
407	812.0000	44.90	48.54	43.16	39.06	51.01	51.02	46.70	35.26
408	814.0000	44.87	48.16	43.01	39.06	50.86	50.64	46.67	35.27
409	816.0000	44.83	47.81	42.85	39.07	50.69	50.28	46.61	35.28
410	818.0000	44.78	47.46	42.69	39.06	50.53	49.96	46.53	35.29
411	820.0000	44.71	47.13	42.51	39.05	50.34	49.64	46.41	35.30
412	822.0000	44.62	46.80	42.33	39.02	50.15	49.35	46.27	35.32
413	824.0000	44.52	46.50	42.16	39.00	49.95	49.07	46.12	35.34
414	826.0000	44.42	46.21	41.99	38.97	49.75	48.81	45.97	35.36
415	828.0000	44.32	45.94	41.83	38.94	49.55	48.56	45.80	35.39
416	830.0000	44.21	45.68	41.67	38.90	49.35	48.32	45.62	35.41
417	832.0000	44.10	45.43	41.52	38.86	49.15	48.09	45.43	35.44
418	834.0000	43.98	45.20	41.36	38.81	48.94	47.87	45.23	35.46
419	836.0000	43.87	44.97	41.21	38.75	48.74	47.65	45.03	35.47
420	838.0000	43.75	44.74	41.06	38.68	48.50	47.44	44.83	35.50
421	840.0000	43.63	44.62	40.93	38.63	48.29	47.40	44.65	35.52
422	842.0000	43.53	44.63	40.86	38.58	48.12	47.56	44.47	35.55
423	844.0000	43.43	44.78	40.84	38.54	48.01	47.85	44.32	35.57
424	846.0000	43.37	45.04	40.87	38.50	47.97	48.23	44.20	35.60
425	848.0000	43.32	45.35	40.95	38.47	48.00	48.65	44.12	35.62
426	850.0000	43.30	45.72	41.07	38.45	48.07	49.08	44.09	35.64
427	852.0000	43.30	46.10	41.22	38.44	48.19	49.50	44.09	35.66
428	854.0000	43.33	46.50	41.38	38.44	48.34	49.91	44.12	35.69
429	856.0000	43.38	46.89	41.57	38.46	48.51	50.30	44.19	35.71
430	858.0000	43.45	47.28	41.76	38.48	48.70	50.68	44.29	35.72
431	860.0000	43.54	47.66	41.96	38.52	48.91	51.03	44.41	35.74
432	862.0000	43.64	48.02	42.17	38.56	49.12	51.36	44.56	35.76
433	864.0000	43.75	48.38	42.37	38.61	49.34	51.67	44.71	35.77
434	866.0000	43.88	48.71	42.58	38.67	49.58	51.96	44.90	35.79
435	868.0000	44.01	49.03	42.78	38.74	49.81	52.24	45.08	35.81
436	870.0000	44.15	49.33	42.98	38.81	50.04	52.51	45.28	35.82
437	872.0000	44.29	49.63	43.18	38.89	50.27	52.78	45.49	35.83
438	874.0000	44.43	49.90	43.36	38.97	50.51	53.02	45.71	35.85
439	876.0000	44.57	50.16	43.56	39.05	50.74	53.26	45.93	35.86
440	878.0000	44.71	50.38	43.73	39.11	50.95	53.46	46.13	35.86
441	880.0000	44.83	50.59	43.89	39.17	51.16	53.65	46.34	35.86
442	882.0000	44.95	50.71	44.01	39.25	51.36	53.72	46.54	35.87
443	884.0000	45.06	50.71	44.09	39.31	51.54	53.62	46.73	35.87
444	886.0000	45.17	50.60	44.12	39.38	51.67	53.40	46.89	35.87
445	888.0000	45.26	50.38	44.11	39.44	51.74	53.09	47.04	35.88
446	890.0000	45.33	50.10	44.05	39.50	51.77	52.72	47.15	35.88
447	892.0000	45.38	49.78	43.96	39.55	51.74	52.34	47.22	35.89
448	894.0000	45.41	49.43	43.85	39.59	51.67	51.95	47.26	35.90
449	896.0000	45.41	49.08	43.71	39.63	51.58	51.57	47.27	35.92
450	898.0000	45.40	48.72	43.57	39.64	51.45	51.21	47.24	35.93
451	900.0000	45.37	48.36	43.40	39.63	51.30	50.87	47.18	35.94
452	902.0000	45.32	48.02	43.24	39.63	51.14	50.54	47.10	35.95
453	904.0000	45.26	47.70	43.07	39.62	50.97	50.24	46.99	35.97
454	906.0000	45.18	47.38	42.90	39.60	50.79	49.95	46.86	35.99
455	908.0000	45.10	47.09	42.73	39.57	50.60	49.68	46.73	36.01
456	910.0000	45.00	46.80	42.56	39.54	50.40	49.42	46.56	36.02
457	912.0000	44.90	46.53	42.39	39.50	50.20	49.17	46.39	36.05
458	914.0000	44.79	46.26	42.23	39.45	50.01	48.93	46.21	36.06
459	916.0000	44.68	46.02	42.08	39.40	49.80	48.71	46.02	36.08
460	918.0000	44.57	45.78	41.93	39.35	49.60	48.49	45.84	36.10
