# pulses
1769
1944
1780
1667
1768
1866
1881
1777
1871
1857
1795
1836
1888
1780
1913
1761
1855
1829
1837
1731
1645
1774
1752
1820
1859
1661
1992
1798
1811
1922
1875
1908
1735
1900
1737
1784
1744
1746
1783
1782
1836
1965
1781
1742
1774
1814
1834
1659
1739
1712
1938
1792
1697
1685
1863
1759
1869
1805
1682
1707
1890
1797
1717
1699
1657
1659
1796
1684
1888
1759
1725
1865
1841
1692
1811
1734
1960
1747
1748
1728
1730
1729
1728
1792
1828
1914
1899
1802
1770
1761
1850
1759
1754
1903
1785
1704
1706
1726
1771
1829