#T(°C) p(mbar)
19  48
20  51
21  53
22  56
24  59
24  60
25  63
26  64
27  66
28  67
29  67
26  71
27  75
28  80
29  83
30  85
31  87
32  90
33  96
34  99
35  102
36  105
37  109
38  113
39  117
40  121
41  125
42  129
43  134
44  137
45  142
46  147
47  151
48  156
49  162
50  167
51  172
52  177
53  183
54  189
55  195
56  200
57  206
58  212
59  220
60  226
61  234
62  242
63  250
64  259
65  268
66  277
67  287
68  298
69  309
70  322
71  336
72  349
73  363
74  378
75  394
76  410
77  427
78  443
79  460
80  476
81  497
82  517
83  536
84  557
85  575
86  594
87  633
88  646
89  658
90  690
91  713
92  741
93  765
94  794
95  821
96  852
97  881
98  911
99  948
100 975
