#0 511
   1
   0
   0
   9
  52
  45
  49
  48
  61
  51
  40
  37
  39
  40
  37
  45
  31
  30
  37
  44
  75
 158
 130
  67
  54
  44
  38
  37
  27
  42
  28
  40
  34
  35
  35
  34
  43
  44
  27
  38
  31
  25
  36
  46
  29
  24
  34
  34
  26
  22
  32
  34
  25
  34
  26
  28
  23
  43
  32
  37
  23
  36
  32
  21
  27
  31
  18
  18
  29
  21
  19
  33
  28
  23
  28
  22
  27
  28
  16
  24
  30
  27
  21
  20
  24
  22
  17
  20
  15
  22
  23
  28
  23
  19
  19
  25
  20
  14
  21
  19
  20
  13
  11
  19
  10
  20
  18
  17
  20
  21
  15
  19
  11
  14
   8
  18
  17
  19
   9
   7
  17
  15
  20
  15
  11
  11
  15
  10
  16
  16
  10
  10
  15
  16
  12
  12
  13
  16
  11
  17
  20
  17
  14
  14
  14
   9
  11
   6
   8
   9
  18
  10
  16
  12
   8
  10
  10
   9
   7
   6
   6
  11
   4
   7
   3
   9
  11
   6
  14
   6
  16
  16
   9
  12
  14
   6
   7
   9
  10
   9
   9
   9
  12
   7
  12
   8
  10
   9
   9
   2
   7
   8
  10
   8
   9
  12
   6
   4
  12
   9
   5
   9
   7
   7
   5
   3
   9
   7
   5
   6
  11
   6
  12
   7
   8
   3
   6
   7
   2
   5
  14
   4
   6
   4
   6
  11
   7
   5
   8
   4
   4
   6
   3
   7
   4
   5
   3
   6
   7
   7
   6
   6
   4
   8
   3
   6
   7
  10
   5
   7
   1
   5
   6
   3
   5
   7
   3
   7
   4
   6
   3
   5
   1
   4
   8
   6
   4
   9
   5
   3
   4
   3
   5
   4
   6
   4
   2
   6
   3
   1
   5
   1
   4
   3
   2
   7
   3
   3
   4
   6
   4
   3
   2
   9
   3
   1
   5
   2
   3
   0
   1
   1
   1
   5
   4
   6
   2
   3
   2
   4
   0
   5
   2
   2
   2
   2
   4
   4
   2
   3
   5
   3
   3
   2
   2
   0
   3
   1
   3
   3
   1
   2
   0
   2
   2
   3
   1
   2
   1
   2
   0
   1
   2
   2
   2
   1
   3
   4
   2
   2
   1
   1
   6
   2
   5
   5
   4
   2
   4
   3
   2
   0
   2
   2
   3
   2
   3
   2
   2
   4
   1
   2
   1
   2
   4
   1
   2
   2
   1
   0
   1
   1
   3
   3
   6
   4
   4
   2
   4
   1
   2
   1
   1
   3
   4
   2
   0
   2
   0
   3
   1
   3
   1
   5
   2
   2
   1
   1
   4
   2
   2
   2
   5
   3
   2
   2
   0
   2
   1
   1
   1
   3
   0
   2
   5
   1
   1
   0
   3
   2
   2
   1
   1
   1
   1
   1
   3
   1
   0
   1
   3
   1
   2
   1
   1
   1
   2
   3
   1
   2
   2
   2
   3
   3
   4
   0
   1
   1
   4
   2
   7
   1
   2
   2
   1
   4
   3
   3
   0
   0
   3
   2
   1
   1
   2
   2
   2
   2
   2
   0
   1
   0
   3
   5
   3
   3
   2
   2
   1
   2
   3
   0
   0
   0
   0
   0
   1
   1
   0
   1
   0
   2
   0
   1
   0
   0
   0
   0
   5
     